1136 1137 1319 1188 1098 1320 1180 1175 1175 1323 1320 1320
1134 1064 1064 1124 1123 1122 1046 1040 663 1085 1095 512
1029 1034 1040 1077 649 774 1110 494 781 1078 757 762
1205 1126 1191 1215 1156 1243 1130 1218 1116 1189 1238 1182
1421 1536 1423 1512 1632 1342 1497 1499 1501 1422 1422 1537
1336 1289 1334 1349 1347 1348 1297 1244 1244 1341 1405 1338
1182 1181 608 1069 1182 1070 1157 1174 1154 746 1031 1187
1392 1384 1589 1400 1313 1588 1402 1358 1520 1576 1578 1577
1208 1154 1157 1200 1179 1181 1155 1148 1035 1065 1258 1065
1136 1274 1164 1208 1188 1179 1260 1226 1247 1238 1210 1299
1155 1105 1091 1232 1232 1242 1173 1233 1183 1179 1183 1180
1378 1379 1541 1218 1224 1528 1303 1242 1538 1583 1580 1588
1448 1336 1397 1522 1499 1498 1349 1375 1371 1438 1451 1414
1250 1193 1191 1247 1245 1245 1277 1163 851 1224 1163 738
1142 1249 1139 1162 1266 883 1190 1193 1192 1002 899 1184
649 648 760 501 504 814 648 647 759 802 801 801
661 665 762 758 444 758 657 643 748 751 730 753
1701 1697 1697 1821 1200 1509 1725 1315 1477 1725 1534 1527
1290 1307 1293 1313 1291 877 1347 1295 1298 1315 856 1164
2055 2054 2058 1918 1916 1608 2031 1869 1872 1984 1673 1825
1078 1136 1062 1007 1037 1014 1080 1094 1087 1063 1112 1129
1312 1317 1312 1373 1182 1182 1369 1179 1179 1314 1033 1182
2115 2501 2296 2019 2507 2385 2447 2446 2446 2297 2295 2408
1281 1265 1265 1239 1124 1120 1245 1221 934 1186 1156 965
1897 1910 2208 1940 2052 2300 1911 1911 2300 2348 2347 2359
1076 1095 1049 1108 1151 1088 1118 1084 1058 979 981 980
665 655 764 667 667 776 756 766 756 762 768 740
1143 1193 1090 1115 1185 1163 1156 1196 1175 1070 1123 1225
1228 1219 1169 1294 1294 1294 1156 1266 1154 1132 1133 1142
1305 1250 1248 1259 1243 1241 1167 1253 849 1143 1216 901
1143 1249 1142 1184 1263 675 1225 1196 1196 1154 885 1189
2006 2003 2004 1952 1871 1870 1821 1779 1437 1874 1876 1297
1106 1224 1106 1163 1164 858 1166 1167 1166 1022 836 1171
1248 1046 1047 1240 1217 1218 1068 1156 843 1043 1244 893
1193 1198 1194 1180 1225 940 1180 1176 1183 1055 955 1144
1269 1188 871 1295 1295 1296 1078 1269 1077 1007 1254 1058
1191 1013 1013 1192 1173 1176 1091 1178 866 1031 1166 870
1179 1192 1180 1142 1230 1008 1225 1163 1163 1149 1149 1226
1220 1219 1220 1354 1149 812 1264 1136 1143 1256 890 1136
1133 1105 794 1039 1072 1039 1023 1118 1020 856 1133 1058
1126 1052 1055 1110 1090 1093 851 1169 854 1052 1045 890
1509 1510 1508 1440 1458 1341 1507 1458 1458 1464 1199 1464
1307 1644 1639 1257 1868 1571 1875 1659 1985 1620 1552 1801
882 878 878 955 629 630 928 610 702 934 741 736
1128 1221 1440 1119 1204 1432 1158 1160 1433 1415 1416 1415
1050 1054 1050 1073 678 683 1074 674 677 1078 759 762
