677 754 627 628 681 679
1294 1153 1260 991 1256 1153
461 461 309 66 465 227
431 626 315 622 642 645
281 655 315 622 656 657
657 658 621 78 661 285
623 643 489 629 733 647
648 650 627 623 665 661
654 653 621 622 656 628
1494 1496 1332 628 1567 647
632 656 623 622 653 655
643 646 626 623 646 648
679 680 625 625 685 681
629 670 627 622 672 675
641 636 625 311 620 436
639 685 622 622 682 686
671 671 628 621 669 645
658 658 624 624 661 655
639 636 628 312 627 234
2631 2624 2497 2497 2689 2560
664 666 622 625 664 666
648 659 623 622 661 660
630 633 623 621 632 632
637 650 628 622 656 654
279 658 311 624 657 654
657 652 627 626 651 631
659 671 624 624 672 675
706 702 628 621 697 643
679 679 623 626 679 675
687 688 626 626 687 689
638 643 623 621 641 636
632 656 623 624 658 660
663 671 625 626 671 672
643 665 626 624 665 670
641 661 624 624 660 663
1312 1178 1265 1076 1312 1289
680 679 623 623 684 674
639 648 628 627 647 649
665 663 622 621 662 651
653 665 624 621 663 664
664 662 624 623 661 636
203 614 27 627 668 668
645 669 624 624 670 668
684 683 626 625 683 642
689 653 762 622 766 682
629 656 623 622 655 654
653 654 621 622 654 644
678 688 625 626 683 683
654 652 624 625 657 651
681 696 754 622 755 671
