578 594 602 555 375 573 606 594 594 607 606 602
162 549 162 176 373 0 577 577 576 170 162 578
599 602 602 558 379 385 602 594 605 604 608 603
581 618 583 372 392 375 619 613 619 582 583 615
587 602 584 377 370 34 603 601 601 524 165 540
606 606 606 378 379 377 603 587 594 604 592 593
615 595 573 621 377 8 620 595 595 517 182 560
568 591 616 380 374 625 590 588 609 613 613 609
624 645 644 490 627 376 714 624 625 711 588 620
618 617 616 626 565 375 617 619 621 615 610 619
580 595 599 551 385 386 601 596 596 594 602 594
583 609 602 385 390 549 613 613 613 604 597 612
615 618 617 623 372 383 615 588 585 615 588 583
600 608 603 382 548 4 602 598 602 552 163 556
578 582 577 374 378 376 586 582 585 580 576 577
598 596 597 383 546 376 601 594 599 597 602 600
609 622 615 622 625 622 622 620 621 617 615 621
581 578 585 373 377 370 580 577 577 589 587 585
592 591 625 374 380 621 596 593 628 627 626 628
618 639 638 472 386 371 689 603 604 693 589 604
590 588 588 540 373 371 604 581 594 595 598 593
592 605 622 551 626 625 609 609 621 622 625 624
1140 1132 1125 1014 990 1248 1159 1208 1281 1213 1148 1127
595 593 605 377 376 376 593 577 604 603 608 603
604 600 602 376 377 380 602 593 594 604 575 595
567 567 566 347 370 0 507 558 498 542 164 532
580 574 625 372 373 621 582 583 625 628 626 625
625 626 622 623 376 376 617 593 591 621 581 592
602 623 628 700 375 392 689 597 619 694 623 623
553 521 495 368 369 377 579 579 578 554 552 579
556 564 594 372 366 372 559 566 592 594 597 591
618 615 611 391 37 389 551 162 550 612 614 614
595 596 620 377 29 392 538 165 563 617 623 623
585 580 587 390 378 0 585 586 592 544 162 549
1130 1258 1128 1009 1254 628 1143 1189 1165 1131 639 1259
595 621 692 377 621 672 616 620 696 646 637 659
484 503 761 328 372 791 561 564 762 684 684 683
583 618 582 377 624 372 616 617 618 580 577 621
639 637 638 626 381 390 642 577 618 642 617 615
614 607 614 623 367 25 610 575 572 562 163 524
583 612 585 376 623 377 612 610 611 577 576 614
587 588 630 369 376 622 588 587 629 633 628 625
162 569 162 9 626 26 622 623 625 169 162 577
597 596 604 369 369 557 589 594 603 594 572 588
565 592 593 378 376 375 594 594 593 592 594 591
586 600 602 381 382 379 601 612 605 604 600 606
617 616 612 621 373 378 616 588 594 614 577 589
602 603 604 378 379 41 607 605 602 536 165 538
569 610 587 374 391 371 612 613 610 584 591 609
569 567 586 372 0 374 520 162 540 589 589 586
