1137 819 1192 1193 935 1184
1465 1749 1498 1522 1840 1474 1806 1798 1798 1486 1478 1746
2412 2470 2374 2461 2362 2371
625 936 803 873 872 875
2859 2956

769 763 1074 665 671 1031 671 681 1031 1031 1045 1033
1184 879 1122 1125 863 1059
1632 1798 1179 1055
1696 2317 2278 1589
1443 1394 1453 1453 1421 1635
1923 1851
1809 1802 1904 1900 1891 1886
1340 1331 1433 1394 1386 1440 1559 1247 1405 1389 1319 1321
1684 1698 1785 1786 1734 1774
1241 932 1327 1328 970 1222
1374 1683 1512 1735 1748 1736
1344 1333 1374 1422 1438 1461
1317 823 1257 1257 899 1253
1209 1161 1669 1632
790 790 761 805 769 768
1408 1387 1392 1433 1447 1463 1378 1403 1414 1415 1431 1625
1569 1404 1512 1508 1458 1537
3058 2678 3168 3174 2559 3184
1228 669 673 1224 1225 1224 670 1229 674 757 1384 757
