1448 1445 1561 1546 1535 1530
2509 1209 3454 2475 3265 1230 2895 3370 3483 2106 2462 2188 3046 3532 1273 3613 2624 2540 1250 2900
1328 3056 2738 2840 3466 2698 3845 3176 3256 1493 3305 4175 3488 1579 3337 3006 2801 1539 3212 3047
1518 1517 1513 1390 1544 1436
3555 3571 1185 3706 3327 3513 1233 3575 3635 3969 1447 3707 3372 3185 3367 3489 3558 4004 3604 1509
1148 1154 1524 1112 1041 1527 998 982 1338 1488 1603 1509
1411 2133 1404 1430 2133 1434 2083 2116 2109 1248 1321 2131
1854 2013 2521 2258
1477 1502 1481 1520 1416 1402 1472 1400 1357 1488 1529 1352
2968 3140 3311 3371
3143 3068 3109 3076 3179 3186
1946 1633 2043 2059 1483 1616 1722 1415 1663 1962 1717 1621
1273 1304 1653 1252 1310 1656 1281 1272 1588 1562 1557 1565
1525 2290 2374 2298 2696 1393 1763 2474 3115 1468 2386 3394 1981 1670 1849 2499 2293 1988 2529 3110
1989 2004 2323 2160 1700 2319 1898 1618 2347 2464 2359 2251
945 979 785 917 1217 716 1120 1119
2113 1787 1949 1949 1842 1874
1629 1511 1512 1603 1576 1577 1530 1544 1365 1488 1485 1213
2629 2570
3253 3469 4133 4186
2425 2000 2744 2749 2416 2508 2162 2533
907 802 923 824 744 599 618 686
2538 2536 2482 2821 1289 2788 2792 2493 1436 2640 2653 2959 1389 2702 2749 2885 1673 2879 2701 2795
1218 753 1064 1322 1203 1319 1003 1258 1249 1107 1088 905
2365 2387 1295 2559 2539 2454 1306 3040 2281 2534 1097 2365 2323 3042 2294 2278 2371 2458 2553 1100
1777 1887 1876 1754 1441 1464 1885 1409 1627 1785 1562 1582
1327 915 1083 1064 1129 1132 1134 940
2728 2762 2560 2445 2348 2479 2282 2578
1093 1068 1059 1172 1199 657 712 1169 1267 782 766 1149 1019 719 774 1162 1168 1228 1124 1226
1683 1753 1780 1714
1739 1518 1720 1618 1793 1618 1662 1801 1715 1699 1772 1701
2277 2563 2417 2519 1254 3958 2477 2668 1545 2461 2955 3343 1568 3060 2810 2450 1626 3768 2845 4174
2588 2871 2557 2876 2941 2897
1950 1892 1892 1950 1903 1860 1951 1913 1852 1791 1889 1697
1781 1573 1704 1738 2115 2172 1424 1961 1824 1471 2067 1765
1667 1606 1764 1626 1598 1763 1627 1584 1627 1776 1668 1775
1980 1971 1976 1908 1907 1915 1961 1924 1922 1954 1929 1953
1793 1534 2081 2082 2577 2429 1644 1867
2009 1935 1913 1917 1965 1628
899 913 1157 1063 1072 1083 961 1094
1897 1975 1916 1827 1849 1846 1668 1887 1698 1699 1888 1779
4730 4401 4871 1994 4515 4845 4544 1418 4799 4723 4955 1722 5029 4893 4621 2095 4576 4271 4463 4798
1391 1365 1369 899 1280 972
2294 2349
1528 1511 936 1510 1537 945 1569 1530
2028 1994 2050 2091 1991 1930 2152 2004 1936 1880 1928 1931
1093 1405 1943 1494 836 1875 2630 1698 1293 2002 1883 1582 1504 1819 2318 2998 1100 1610 2161 2259
2829 2829 2906 1345 2663 2912 2962 1302 3183 2871 3186 1466 3361 2995 2940 1550 2713 2816 2888 3022
2925 2668 2915 2733 2744 2820 2628 2884 2889 2820 2877 2802
2535 2204 2250 2473
2077 3096 2149 1197 2364 1972 2231 1294 2817 3619 2052 997 2447 2571 4258 1652 1720 1985 1834 3582
3375 756 3293 3610 2678 742 3308 4231 2433 3130 2337 3019 2687 2265 696 3340 3749 3194 1402 4001
1806 3001 1706 2012 2994 1331 3163 3148 3021 1835 1318 3041
1419 1696 1468 1472 1690 1406 1690 1677 1678 1376 1385 1662
3130 2597 2163 3319 1399 2796 3189 2688 1712 3378 2570 3138 1286 2839 2774 2643 1646 3021 2967 3332
3493 4105 1900 3494 3621 4180 1887 3754 4031 3640 1960 3655 3461 3349 3696 3145 4157 3555 3918 1657
2947 4472 3842 1494 3060 3233 3257 1119 3169 3778 4434 1668 4129 3224 3791 1767 3527 2458 3135 2916
2699 2511 1249 2691 2969 3953 1279 2611 2789 2564 1737 3536 2212 2473 3377 3150 2697 2867 2664 1611
2758 1759 1818 2335 2203 2770 2821 2836 1175 2766 1833 2352 1134 2773 1876 2271 1656 2770 2347 2356
1737 1818 1735 1610 1861 1537 1849 1785 1783 1555 1300 1884
3386 3382 3338 3402 3343 2958 3447 3250 3315 3245 2671 3224
2225 2728 1525 3438 2818 2750 1183 3691 2403 2352 1569 3107 2177 1594 1868 3257 3810 3881 3635 2836
800 2555 2263 2243 2217 2548 1930 1920 2758 1134 2673 2636 2224 701 2516 2258 2227 695 2503 2122
1926 2010 1960 1921 1512 1288 1922 1438 1443 1916 1292 1368
1316 1322 1383 1332 1156 1165 1310 1305

2344 1327 3459 2302 2446 1674 3242 2360 2049 2956 2469 1953 2869 3682 1830 2486 3112 2572 1546 2397
1531 1476 1478 1312
3648 2714 2710 3775 2925 2400 2614 2416
2246 2623 3072 1937 2857 2367 3144 1907 2224 2281 2619 1887 2462 2585 2363 2118 2382 1986 2058 2365
1732 1763 1774 1883 1878 1837 1826 1921 1807 1902 2116 1871
1621 1705
2804 2914 3265 3170
3629 1899 3802 4230 3837 1314 3476 4009 3620 3127 3223 4067 3962 3389 1475 4080 4450 4054 2256 4075
3378 3507 2809 2698
1552 1356 1749 1743 1702 1638 1667 1950
1622 1494 1688 1696 1400 1485
1855 1863 1950 1957 1884 1863
2038 2043 2042 1967 1658 1641 1949 1659 1632 1947 1586 1634
1080 2478 2238 2538 1997 2494 2122 2184 2506 892 1901 2070 2037 1118 3061 2282 2090 1250 2557 2296
1566 1761 1560 1560 1822 1512 1739 1742 1736 1564 1382 1761
2594 2545 2619 1224 2689 2608 2533 1211 2803 2631 2643 1243 2733 2686 2624 1234 2679 2562 2515 2490
1694 1987 2949 956 2558 2013 2099 1071 2049 1678 2125 966 2227 3630 1801 718 1583 2608 2301 2156
1095 924 1264 1221
2332 2230 2329 2304 2085 2378
888 930 1024 1034 983 973 1058 939 814 772 959 702
1206 1204 1481 1211 1187 1481 1218 1214 1523 1492 1487 1485
3617 904 1542 3326 3136 904 2262 3403 2125 1216 823 1940 1963 1154 661 1773 1527 3602 1087 1671
2473 2457 4163 4353 2503 1834 2430 1634
1967 1982 1985 1891 2214 1977 1991 2201 2424 1846 1989 2282
1303 1310 1302 1320 1313 1314 1200 1190 1194 1314 1306 1091
