1338 1184 1211 1352 1352 1344 1231 1166 1262 1240 1338 1213
1592 1589 1190 1652 1655 1691 1682 1694 1693 1073 1595 1593
2430 1494 3668 3830 2772 1743 2382 3904 2286 3091 3778 2733 2883 2961 1516 3960 4451 3545 1847 2979
1730 1671 1623 1664 1720 1652 1619 1708 1698 1638 1644 1696
2128 2120 2148 2067 1734 1753 2241 1673 1692 2081 1784 1806
1638 1681 1948 1696 1553 1568
3338 2677 1632 3364 2831 3560 1438 3199 2905 2558 1343 3232 2826 3688 3690 2764 2924 2990 2773 1657
3873 3711 1788 2121 1830 2120 2039 2149
2907 2881 1750 1776 1601 1812 1859 1715
988 1125 1304 1334
1960 1828 3226 2030 2072 3131 1997 2019 3223 3198 3292 3286
1694 1905 1694 1656 1902 1459 1864 1868 1880 1574 1309 1898
2277 2275 2124 2272 2033 2153 2138 1897
2608 2519 2499 1091 2629 2643 2658 1300 2487 2553 2562 1151 2583 2578 2584 1264 2417 2726 2620 2561
4231 4311 4099 1950 3640 4145 3886 1636 4126 3547 4319 1700 4395 4283 3601 1810 3761 3385 3557 4234
1244 1031 2112 1261 1410 2033 1333 1321
1827 2190 3123 978 1897 2170 2146 920 1837 2420 2549 849 2946 2034 2176 1310 1700 1677 1988 2670
1727 2071 679 2290 1775 2074 679 2328 2182 2119 1112 2299 1505 1591 2136 2313 2244 2243 2257 1239
1889 4300 3566 3474 3494 3995 3729 3408 4111 2515 4325 4316 3855 2198 3925 3894 3648 1892 4117 3931
1503 1824 1868 1620 1851 1755 1849 1851 1968 1792 1957 1901
4133 2556 3519 3357 4110 2602 3376 3593 3310 3493 3188 3295 3298 3591 2478 3091 3465 4047 2523 3666
1663 1525 2775 2858 1571 1681 1664 1557
1005 2911 2789 2762 2395 2724 3028 3126 3135 1337 2678 2754 3426 1292 3021 3440 2681 1323 2683 3456
1840 1587 1730 1695 1516 1538
2490 3111 2271 2879 2806 2673 3060 3071
3925 1749 3969 3999 4018 1684 3882 3806 3671 3558 3815 3509 3958 4134 1870 3824 3932 3810 1337 3747
3226 3339 3353 3886 1459 3464 3339 3961 1342 3399 3618 4135 1472 3275 3512 3894 2098 3923 3962 3869
1155 1124 1490 943 961 1297 1023 981 1488 1444 1452 1365
2896 2530 3180 3439 1155 3126 3444 2880 1379 3262 3374 2945 1427 2634 3171 3309 1280 3700 4617 3675
1278 3326 3193 3326 2880 3291 2960 3040 3548 1368 3311 3226 3275 1273 3338 3242 3318 1267 3259 3111
2382 2560 1804 2184 1861 1949 2104 2132
1832 1609 1485 1542 1481 1521 1302 1057
1785 1787 1821 1606 1993 2075 1824 1601
759 1680 1695 1692 1646 1632 1658 1680 1720 662 1557 1566 1710 662 1537 1588 1728 677 1575 1552
1585 770 2664 2168 1466 819 2820 1784 1347 1426 1876 1358 1448 1383 664 1254 1484 1517 697 1243
1843 3091 2948 1888
1962 982 2561 2470 1323 2068 2692 2284 683 2380 1533 1751 1057 2486 1554 2664 666 3059 1557 1775
1477 1363 1168 1414 1408 1406 1314 1369 1330 1267 1351 1352
1232 887 2914 1922 3496 1056 1810 1369 1696 1260 1436 2596 2130 1522 1240 1300 1507 3149 1262 2439
1596 1607 1197 1449 1709 1433 1632 1649 1626 1344 1654 1706
1341 1632 1901 1826 891 1539 1695 1728 1090 1660 1755 2124 1180 1760 1635 1830 1240 1739 1726 1737
1186 1185 1273 1190 1179 1284 1165 1176 1279 1230 1242 1211
2255 2158 1570 1548 2085 1501 1725 1728
1799 2179 2093 1737 2147 1885 2138 2151 2138 1949 1949 2146
1064 998 1259 1132 1134 1261 977 971 1281 1313 1308 1312
1560 1561 1559 1563 1351 1351 1577 1373 1373 1623 1515 1514
3162 2993 3114 3134 2901 3162
2605 2438 2462 1251 2664 2506 2560 1317 2746 2832 2213 1063 2473 2402 2162 1016 2512 2541 2056 2056
2015 2454 1354 1835 2121 1573 1241 1887 1960 2322 1263 1897 1667 1528 1520 1977 1881 2288 2995 1544
879 2223 2071 2200 1833 2244 2153 2251 2215 1213 2235 2216 2092 1091 2327 2243 2162 1161 2232 2184
1786 1784 1687 1829 1824 1821 1801 1843 1793 1549 1846 1854
806 822 1739 947 686 669 2058 853 906 679 1764 1229 1784 1872 1888 1874 906 1041 841 1700
889 1222 962 1157 1225 1166 1188 1179
753 1542 1827 1928 1592 1271 1972 1962 1494 652 1818 1916 1786 1008 1798 1917 1884 1099 1920 1930
1555 1538 1138 1276
