1565886868.95 1565886871.62
1565886913.49 1565886916.44
1565886958.04 1565886960.59
1565887002.57 1565887004.95
1565887047.01 1565887050.55
1565887091.85 1565887094.37
1565887136.4 1565887138.92
1565887180.94 1565887184.43
1565887225.64 1565887228.43
1565887270.17 1565887272.72
1565887314.82 1565887317.5
1565887359.28 1565887362.56
1565887403.96 1565887406.62
1565887448.41 1565887450.96
1565887492.74 1565887495.29
1565887537.1 1565887540.43
1565887581.66 1565887584.55
1565887626.22 1565887628.89
1565887670.77 1565887673.25
1565887715.32 1565887718.45
1565887760.03 1565887762.57
1565887804.77 1565887807.32
1565887849.53 1565887852.55
1565887894.04 1565887896.71
1565887938.77 1565887941.44
1565887983.31 1565887986.43
1565888027.99 1565888030.54
1565888072.41 1565888074.96
1565888116.98 1565888120.55
1565888161.35 1565888164.56
1565888206.27 1565888208.94
1565888250.95 1565888254.43
1565888295.71 1565888298.43
1565888340.25 1565888342.79
1565888384.84 1565888387.51
1565888429.39 1565888432.38
1565888473.95 1565888476.62
1565888518.49 1565888521.04
1565888563.14 1565888566.45
1565888607.69 1565888610.43
1565888652.12 1565888654.78
1565888696.66 1565888699.34
1565888741.4 1565888744.56
1565888786.04 1565888788.58
1565888830.77 1565888833.33
1565888875.35 1565888878.43
1565888920.11 1565888922.78
1565888964.57 1565888967.04
1565889008.91 1565889012.38
1565889053.36 1565889056.45
1565889097.68 1565889100.43
1565889142.37 1565889144.92
1565889186.86 1565889190.54
1565889231.68 1565889234.38
1565889276.23 1565889278.9
1565889320.86 1565889324.45
1565889365.43 1565889368.43
1565889410.11 1565889412.66
1565889454.7 1565889457.37
1565889499.25 1565889502.55
