1565892700.81 1565892701.98
1565892745.17 1565892747.03
1565892789.55 1565892791.03
1565892834.07 1565892835.03
1565892878.5 1565892879.67
1565892923.12 1565892925.06
1565892967.62 1565892969.07
1565893012.09 1565893013.05
1565893056.72 1565893057.87
1565893101.25 1565893103.03
1565893145.9 1565893147.06
1565893190.55 1565893191.71
1565893235.27 1565893237.05
1565893279.61 1565893281.03
1565893324.36 1565893325.5
1565893369.09 1565893371.03
1565893413.93 1565893414.9
1565893458.46 1565893459.63
1565893503.18 1565893505.05
1565893547.93 1565893548.89
1565893592.68 1565893593.83
1565893637.21 1565893639.03
1565893681.76 1565893683.06
1565893726.3 1565893727.47
1565893770.84 1565893772.01
1565893815.34 1565893817.03
1565893860.08 1565893861.04
1565893904.69 1565893905.84
1565893949.33 1565893951.05
1565893994.07 1565893995.05
1565894038.67 1565894039.84
1565894083.12 1565894085.03
1565894127.64 1565894129.03
1565894172.29 1565894173.25
1565894216.92 1565894219.05
1565894261.48 1565894263.05
1565894306.02 1565894307.01
1565894350.65 1565894351.8
1565894395.25 1565894397.03
1565894439.99 1565894440.94
1565894484.44 1565894485.59
1565894528.95 1565894531.06
1565894573.58 1565894575.06
1565894618.3 1565894619.47
1565894662.62 1565894663.76
1565894707.19 1565894709.03
1565894751.9 1565894753.05
1565894796.5 1565894797.67
1565894841.02 1565894843.06
1565894885.67 1565894886.88
1565894930.28 1565894931.43
1565894974.82 1565894975.96
1565895019.53 1565895021.03
1565895064.16 1565895065.33
1565895108.79 1565895109.96
1565895153.31 1565895155.06
1565895197.88 1565895199.03
1565895242.32 1565895243.47
1565895287.13 1565895289.03
1565895331.88 1565895333.07
