1565879916.51 1565879919.02
1565879966.63 1565879969.06
1565880013.46 1565880015.9
1565880074.07 1565880076.04
1565880120.11 1565880122.95
1565880172.03 1565880174.03
1565880224.92 1565880226.98
1565880273.58 1565880275.87
1565880324.78 1565880327.9
1565880386.35 1565880388.91
1565880436.74 1565880438.9
1565880482.23 1565880485.0
1565880539.48 1565880541.94
1565880591.34 1565880593.44
1565880645.75 1565880647.86
1565880692.54 1565880694.98
1565880743.86 1565880745.95
1565880793.4 1565880795.75
1565880851.29 1565880854.44
1565880904.27 1565880906.26
1565880955.71 1565880957.87
1565881007.73 1565881009.91
1565881056.87 1565881058.98
1565881107.21 1565881109.62
1565881166.57 1565881169.06
1565881216.25 1565881218.91
1565881269.9 1565881271.95
1565881312.72 1565881315.01
1565881373.38 1565881375.81
1565881420.17 1565881422.05
1565881470.26 1565881471.9
1565881528.53 1565881530.99
1565881575.76 1565881577.97
1565881625.46 1565881627.95
1565881680.18 1565881681.92
1565881734.8 1565881736.9
1565881784.13 1565881785.9
1565881836.99 1565881839.09
1565881892.35 1565881894.65
1565881939.47 1565881941.44
1565881992.29 1565881995.07
1565882043.06 1565882044.95
1565882095.22 1565882097.99
1565882144.62 1565882146.68
1565882202.78 1565882204.91
1565882251.75 1565882253.89
1565882301.63 1565882304.26
1565882354.53 1565882357.04
1565882408.59 1565882410.98
1565882460.18 1565882462.04
1565882516.27 1565882517.91
1565882565.21 1565882567.02
1565882614.81 1565882616.93
1565882663.28 1565882664.92
1565882721.88 1565882723.89
1565882771.68 1565882774.05
1565882825.68 1565882827.87
1565882872.14 1565882873.88
1565882931.07 1565882932.94
1565882977.82 1565882980.03
