1565883227.62 1565883232.05
1565883296.46 1565883300.31
1565883349.36 1565883354.35
1565883407.07 1565883411.72
1565883474.69 1565883479.15
1565883527.37 1565883531.63
1565883589.63 1565883594.94
1565883650.79 1565883654.34
1565883712.92 1565883719.54
1565883770.22 1565883775.05
1565883836.31 1565883840.54
1565883895.11 1565883899.64
1565883956.75 1565883961.99
1565884015.53 1565884019.86
1565884070.92 1565884076.96
1565884128.72 1565884134.21
1565884191.31 1565884195.9
1565884253.76 1565884258.42
1565884311.8 1565884316.18
1565884369.88 1565884374.46
1565884432.91 1565884437.87
1565884486.16 1565884490.42
1565884552.56 1565884557.88
1565884607.11 1565884613.06
1565884669.78 1565884674.01
1565884729.31 1565884733.5
1565884790.83 1565884795.94
1565884855.92 1565884859.31
1565884907.12 1565884911.04
1565884966.12 1565884970.92
1565885032.0 1565885035.95
1565885089.71 1565885093.48
1565885149.74 1565885153.22
1565885211.92 1565885215.65
1565885269.49 1565885274.94
1565885328.4 1565885333.46
1565885391.04 1565885396.29
1565885450.15 1565885455.85
1565885508.45 1565885513.03
1565885570.57 1565885575.45
1565885632.27 1565885637.79
1565885692.71 1565885696.67
1565885748.45 1565885753.64
1565885814.36 1565885818.56
1565885871.59 1565885875.7
1565885928.72 1565885933.66
1565885990.41 1565885996.44
1565886053.97 1565886058.56
1565886113.23 1565886118.0
1565886173.98 1565886177.88
1565886234.03 1565886238.45
1565886290.5 1565886295.6
1565886350.9 1565886354.93
1565886411.51 1565886417.02
1565886472.33 1565886477.32
1565886530.7 1565886534.59
1565886591.85 1565886595.62
1565886652.46 1565886657.56
1565886705.63 1565886709.78
1565886771.48 1565886775.07
