932 2416 2004 1838 1418 2281 1858 1817 2710 1010 1797 2384 1902 1037 2299 1980 1689 999 1849 1982
719 658 668 703 707 718 707 706 739 752 739 738 670 713 681 703 704 718 714 704
2256 1958 2168 1300 1886 2190 2654 829 2637 2179 2158 1287 2221 2277 2589 1279 1983 1467 1832 2187
1311 797 1547 1498 1655 945 1687 1405 1550 1067 1307 1084 1374 1315 910 1454 1306 1529 898 1404
2981 2592 2195 1847 2814 2912 2578 2331 2691 2900 2767 2332 2249 3216 2995 1759 2523 2596 2607 2570
2650 2579 2648 3112 2530 3169 3325 3041
954 942 963 941 1033 764 1025 764 952 911 963 907 972 970 963 963 950 922 908 963
1120 1126 1132 1297 1325 1309 1317 1318 1324 1273 1275 1283
1188 1276 1252 1250 1208 1250 1250 1253
931 916 910 960 956 689 914 893 875 913 845 881
475 464 463 464 462 447 453 181 478 444 450 441 478 419 442 413 478 326 441 418
2171 3346 2366 1624 3173 2190 2474 1576 2542 4375 3262 1679 2142 2580 2569 1542 2031 1977 2104 2207
704 704 715 715 711 719 711 710 678 793 792 792
923 881 895 884 927 923 924 930 969 962 962 965 898 923 895 902 887 923 865 895
1029 1015 1116 1239 1203 1303 1172 1247 1342 1240 1252 1205
884 923 883 888 922 823 926 931 922 938 624 932
2666 2385 2577 2881 2512 2598 2747 2734 2675 2811 2416 2315 2595 2462 2433 2584 2905 2734 1917 2719
2132 649 1241 2238 1163 694 1230 1004 1582 1314 1903 1252 931 1712 674 2248 1021 1930 709 1078
1036 1141 1425 1592 927 1603 2016 2208 1441 1318 1532 1299 1477 1839 1781 1681 1482 1349 1430 1789
2031 3229 2685 1737 3048 2110 2730 3042 3346 3093 1981 1942 3748 2507 2439 3420 2321
2008 1923 913 1685 1634 1829 979 1664 1647 1457 993 1561 1332 1397 1451 1516 1768 1535 1985 979
1725 1892 793 1403 1335 1669 711 1145 2098 1076 721 3189 973 1742 947 959 1118 1664 1029 722
601 574 635 578 611 602 639 607 586 601 633 545 617 618 618 618 631 617 616 628
1051 1051 1062 1052 1080 595 584 609 1075 596 601 608 918 597 597 596 1076 608 607 614
666 669 408 672 577 607 584 607 603 603 610 613 555 576 606 603 604 604 607 610
2419 2390 1853 2205 2205 2641 1808 2379 2432 3170 1812 2866 2917 2119 2567 2484 2249 2895 2734 1805
588 1236 898 836 1131 829 1219 1201 1210 905 889 1297
1664 1473 1468 1557 1636 1617 1549 1657 1705 1557 1595 1640
1507 1503 1452 1388 1269 1501 1461 1310 1332 1045 1427 1220
2275 2516 2206 2493 1884 2688 2376 2610 1889 2392 2386 2379 1881 2440 2422 2440 1882 2406 2390 2391
1698 1128 895 1250 1672 1574 1626 2081 1039 3243 942 1110 1494 1613 1032 892 1109 3082 1394 881
1185 1168 1154 1163 1108 1080 1232 967
2335 2154 2364 2303 2161 2180 2354 2305
807 2177 904 2154
2180 2581 3063 1648 2234 2885 2245 1726 2003 2433 2077 1618 2598 3443 2115 1684 2492 2092 2119 2328
1870 2174 1941 2041 2915 1617 2048 1449 2219 1411 1902 1612 2785 1978 2404 1903 2052 1638 1514 2016
832 821 868 897 921 921 921 921 822 824 869 896 871 879 869 897 900 905 897 896
1308 1243 1281 1243 1303 1302 1302 1302 1243 1307 1281 1208 1281 1307 1283 1281 1335 1340 1067 1334
2950 3863 2902 3028 2537 3014 3054 3068 2529 2850 3304 3341 2523 3055 3295 3232 2534 2797 2882 2846
1198 1517 1067 1883 963 1900 1493 1581 1459 1493 1895 1862 1010 1405 1734 2674 1396 1646 2522 2722
1204 1185 1184 1207 1223 1208 1203 1213 1255 1240 1239 1250 1198 1203 1187 1216 1228 1207 1211 1207
1279 1299 2005 1125 1622 869 1795 695 2663 867 1401 609 1925 977 1053 671 1541 828 1057 893
887 871 869 446 916 941 995 924 903 952 949 916 938 952 954 951 448 1071 973 765
3265 3214 2975 3245 3272 2823 3346 3312 3315 3268 2831 3456
552 558 541 542 463 530 463 522 526 536 526 527 445 475 535 520 520 528 546 519
2305 1277 2176 1148 1340 1623 1609 1090 1725 4104 1322 1192 1321 2908 1998 1085 3251 1539 1287 1198
625 627 615 637 553 558 554 611 520 565 554 601 554 566 560 609 595 607 600 595
849 926 886 925 695 968 962 964 923 922 923 929 886 886 930 922 912 913 930 915
2304 2237 1512 2273 2383 2355 1988 2432 2353 2411 1954 2379 1898 2255 2219 2225 2350 2421 2376 1949
1114 1066 1077 1120 1106 1109 1106 1117 1157 1167 1157 1163 1077 1113 1080 1113 1106 1116 1110 1106
1760 1810 1777 1857 1606 1644 1880 1866 1804 1805 1804 1857 1773 1772 1817 1857 1858 1858 1867 1861
1130 1130 1135 1106 1104 1104 1070 1103 1109 1113 1113 1109
2528 2465 2221 2479 1648 2415 2409 2395 1658 2552 2480 2410 1617 2547 2368 2360 1659 2538 2421 2485
955 1056 1031 1037 1030 951 1040 1047 746 1005 995 980
1884 1884 1934 1982 1901 1914
1281 2198 1617 1273 1030 1416 1760 2051 1046 1735 2230 1917 1055 2333 1513 1541 909 1348 1408 2267
1883 2717 1914 2101 1505 1944 2061 2745 1535 1842 1977 2018 1589 1883 1883 2232 1469 1879 1962 1886
1993 2275 2242 2344 2440 2430 1909 2340 2265 1920 2317 3547 2154 1885 2612 2196 3024 1895 2262 2086
1642 1030 1781 1356 2056 1354 1961 1660 1166 1759 1457 1912 2864 1950 1125 2289 2770 1420 1315 1519
456 513 458 507 450 513 455 507 513 515 513 514 549 553 549 549 507 508 513 513
1574 1661 1667 1871 495 2920 1648 1673 532 2113 1938 2897 476 1547 1774 1481 467 2469 1349 2379
2525 3529 2997 1917 2337 1064 1625 833 2319 1212 2222 1114 2134 2741 1083 832 1971 1328 1671 1403
677 670 682 762 509 758 660 650 680 686 699 697
2032 1465 1471 2081 1597 2063 1864 2478 940 2426 1480 2213 1156 2443 2340 2005 1631 1953 2677 1944
2058 2057 2625 1663 2045 1578 2002 1218 2091 1604 2020 1214 2504 2456 2661 1597 2565 1452 1342 2186
468 462 478 449 449 464 463 476 478 459 472 462
4314 1688 4137 3687 4476 1509 3941 3505 4050 3293 3767 2957 3637 4566 1693 3304 4590 3575 1213 4233
1884 1554 1818 1819 1541 1851 1616 1939 1645 1824 1860 1556
2235 2338 2272 2388 2368 2275 2211 2180 2216 2167 2230 2360
1302 1510 1503 1095 1462 1432 1378 1153 1551 1403 1309 1526
3038 2704 2043 2694 1619 2933 2535 2776 1591 2622 2907 3071 1095 2755 2552 2431 1560 2899 2595 2674
2634 2183 2779 2649 1272 2751 3370 3118 1188 2803 2993 2916 1268 2549 2613 2671 1299 2758 2566 3011
1291 1282 1232 1340 1204 1331
1323 1323 1109 1348 1305 1325
3691 2497 3450 3774 3135 801 2083 1988 3529 1596 1989 1960 3310 2153 963 2271 3793 1767 850 1892
