1231 1246

773 734

730 651
478 547



1124 1048





1332 1353



1107 1155

1117 1220


1098 1137
957 859
2136 2214


1491 1496



785 584
1459 1520
453 450
802 954
417 448
545 543
417 491
691 655

1794 1728


973 1057
728 814

450 413




































































































648 801
900 860
513 542
1112 977
1096 1070

740 583
447 421

746 730



582 573
846 941
853 868
1250 1166

848 880
1210 1067
1048 1099
1098 1191


457 443

449 543

1267 1261
924 899
448 411
1209 1124

571 721
1568 1541
545 479

1492 1438
745 899
434 482
427 281
733 740
651 815
656 515

590 738
1415 1287
1083 1044

416 456
449 457
