379 385 380 380 464 472 465 466 376 376 376 377 379 374 382 380 379 380 388 380
331 424 1678 1206 402 585 275 242 424 340 501 429 447 341 1627 1605 498 339 524 425
333 831 642 799 399 423 330 824 630 354 606 626 836 353 997 614 561 351 692 1074
397 423 414 404 213 238 238 225 397 372 416 379 399 400 419 405 397 374 395 416
336 376 340 346 156 163 149 169 360 359 362 372 338 337 371 349 336 312 375 340
332 366 339 333 151 160 168 154 360 361 369 359 335 336 366 335 332 315 364 339
356 372 377 365 162 177 178 169 353 320 358 327 353 341 358 350 353 317 335 360
403 403 414 401 220 231 222 226 397 405 414 401 411 420 417 412 402 410 407 404
376 389 371 371 212 209 197 203 383 360 359 356 383 364 374 359 383 360 373 358
340 370 350 346 164 163 185 183 370 366 373 369 347 336 369 348 348 341 371 352
344 371 336 349 170 174 161 177 354 362 353 366 340 349 369 353 336 329 369 340
583 584 622 603 555 549 553 557 592 591 623 603 623 628 621 617 611 612 603 621
404 429 408 416 272 227 227 212 427 422 426 414 410 405 429 417 429 426 430 430
412 417 412 416 217 219 229 234 413 430 426 433 400 417 417 420 395 389 418 414
338 375 346 340 276 183 244 173 371 372 366 365 352 351 369 346 347 322 376 346
937 1713 1090 1276 985 957 1738 986 1105 960 1094 1205 2155 926 1265 1053 1091 963 1401 1152
389 369 408 388 226 214 232 243 383 397 408 394 400 414 392 412 377 391 369 407
474 495 539 584 304 292 659 561 508 503 539 584 548 547 539 585 589 589 582 582
418 433 404 393 231 233 219 206 437 440 427 416 417 420 433 395 416 402 434 405
410 435 405 404 233 233 224 229 434 430 422 423 414 412 434 406 411 391 436 406
334 371 341 338 165 179 164 162 362 362 361 363 347 337 371 343 341 321 371 341
336 363 345 336 163 174 180 167 356 356 361 356 334 334 364 334 336 314 363 345
419 416 412 408 213 226 233 218 400 392 398 384 399 404 402 394 398 394 391 399
645 637 678 647 620 354 608 627 641 554 678 587 691 694 688 696 642 585 577 678
346 368 344 345 167 164 165 164 371 372 368 369 351 347 368 345 353 328 368 346
336 360 364 336 168 164 175 161 367 357 368 356 359 349 361 348 347 315 360 364
324 354 341 324 268 276 278 180 354 360 354 362 341 353 354 349 316 320 354 341
411 427 398 408 229 228 207 215 431 430 412 423 418 416 427 408 416 415 427 397
350 339 360 333 273 171 187 504 339 331 355 315 346 355 343 338 339 329 321 354
422 419 423 419 228 456 461 457 413 377 405 375 414 402 400 399 414 378 376 405
732 1249 975 1366 1233 1196 1173 1152 954 750 1169 1074 1175 691 1330 1119 1028 771 1028 1256
361 339 351 339 271 507 413 504 340 335 346 316 337 363 336 336 340 332 316 348
339 660 729 639 482 580 733 484 658 359 736 675 723 429 728 728 655 320 667 729
330 325 334 318 268 503 497 499 318 320 334 312 334 343 339 334 318 320 317 334
336 346 333 332 182 178 163 167 341 318 317 331 342 321 328 331 339 334 346 332
750 1052 1134 1121 1148 1105 1101 1098 1176 745 1170 1047 1085 786 1091 1084 1099 722 1075 1170
757 805 1296 811 871 856 1146 933 869 753 1297 806 1229 1232 1332 1330 895 756 772 1296
611 605 600 599 408 178 405 455 603 345 418 366 603 427 421 418 603 351 353 418
749 1819 1195 1167 1036 1041 818 1111 1777 1107 1388 1320 1111 783 1370 1180 908 880 1388 1291
1334 1741 1649 1640 1342 1366 1624 1334 1572 1202 1687 1729 1356 1335 1801 1881 1505 1331 2253 1876
959 1495 986 1078 1414 914 1019 904 1293 843 1992 1683 1103 956 1224 1075 1084 906 826 1009
660 655 655 654 566 674 566 621 659 523 636 511 660 647 636 636 659 523 509 636
323 363 355 322 266 166 161 158 357 359 361 360 344 346 363 347 319 327 363 356
405 427 408 393 225 230 231 222 417 420 423 410 402 407 424 396 400 386 424 409
414 411 408 402 236 222 233 233 430 433 426 424 414 416 410 406 410 394 411 409
335 355 336 342 170 169 165 170 361 355 354 361 351 339 354 343 342 315 354 338
406 406 410 401 234 210 232 226 434 428 431 422 418 413 406 406 412 387 406 416
402 440 411 440 232 241 227 231 438 424 431 438 417 405 441 439 437 425 441 431
335 356 339 334 174 166 162 166 360 357 359 357 341 318 356 320 343 321 356 323
348 358 337 336 204 272 172 272 365 368 358 358 345 351 358 338 344 330 358 338
