339 340 347 406 407 144 339 314 327 338 316 316
324 463 346 148 407 406 469 473 462 353 350 462
320 339 328 143 404 273 340 340 340 321 321 340
331 331 361 143 284 408 332 321 361 363 361 367
315 339 341 303 307 297 361 340 347 350 339 337
341 449 336 406 371 141 336 319 316 335 321 428
331 332 370 407 140 406 335 319 370 364 360 360
336 335 336 299 410 146 339 341 337 338 331 336
320 358 342 145 408 407 361 363 359 344 346 359
318 337 339 146 404 404 345 339 337 344 341 339
589 598 590 409 402 403 593 340 344 588 346 353
322 365 339 139 401 401 366 366 366 340 340 365
332 346 332 280 403 142 347 346 346 339 319 346
1275 1279 1288 1188 1138 1142 1425 1161 1278 1292 1271 1283
339 342 338 405 406 406 341 346 342 338 346 339
363 361 361 142 142 142 361 337 343 361 345 343
315 338 341 93 402 401 338 333 338 342 348 342
352 349 360 405 405 115 348 352 352 349 329 347
490 490 639 313 307 551 500 475 641 662 647 644
339 338 344 138 275 138 344 319 328 346 322 327
599 597 599 409 408 416 596 350 355 597 345 344
318 372 341 139 402 402 372 372 371 341 341 374
341 342 341 409 411 153 339 339 338 341 335 339
337 337 335 409 401 401 338 341 339 335 341 335
363 877 836 410 830 798 707 878 879 710 760 816
318 380 342 146 418 412 375 374 374 343 342 376
339 341 340 402 405 140 341 340 341 339 320 341
330 335 339 136 138 403 335 337 339 334 334 334
334 342 342 408 405 295 345 341 341 339 337 338
458 456 456 405 405 412 454 341 355 454 341 346
335 335 334 144 141 141 338 320 320 337 318 320
334 334 396 289 143 409 343 316 396 395 395 394
349 346 343 401 401 402 344 355 345 344 355 343
318 320 342 143 272 402 316 313 340 342 342 343
311 346 345 142 410 404 342 343 343 343 343 347
318 363 336 144 410 142 367 363 364 340 336 363
319 320 441 95 145 410 318 326 441 441 445 443
316 316 342 139 147 403 316 315 342 342 342 339
334 341 334 402 401 402 340 342 341 333 324 341
337 335 335 140 269 140 338 313 316 335 316 317
314 341 344 151 404 405 347 342 344 346 344 344
344 340 340 412 407 141 347 345 341 349 324 340
331 331 331 405 283 142 333 314 322 334 322 326
438 438 437 411 409 410 438 340 342 442 342 343
333 333 336 138 298 407 333 316 346 340 340 340
353 352 385 406 405 405 351 351 384 385 389 384
354 664 361 407 719 406 824 764 823 359 359 663
762 811 934 769 768 854 727 833 933 867 854 945
592 591 659 580 327 579 592 497 663 688 682 688
315 332 352 287 404 404 331 330 347 343 343 345
