1656 1657 1655 1565 1253 1254 1693 1219 1224 1692 1224 1224
451 449 448 453 447 446 454 437 435 455 434 435
901 1171 1167 1044 1072 1073 1068 1068 1069 1068 1068 1075
2157 2167 2249 2250 2167 2167
2111 2178
1220 1215
439 280
448 450 448 434 437 453 344 434 452 452 453 451
781 779 787 780 656 654 780 652 657 780 512 520
554 555 555 554 435 460 554 289 556 554 459 459
449 449 457 448 444 454 544 544 545 454 453 454
1673 1674 1673 1705 1705 1706 1673 1658 1663 1673 1663 1673
1198 1197 1197 1125 1141 1139 1141 1141 1141 1139 1140 1142
1147 1112 1150 1168 1194 1193
319 351 340 181 446 444 350 349 350 341 341 342
815 815 817 898 898 636 814 802 805 814 788 802
455 461 457 451 467 462
1586 1586 1490 1560 1559 1560
284 441
825 927 980 978 975 978
489 483 482 592 639 591 641 640 638 593 595 638
1935 1939 1936 2133 1675 1669 2100 1621 1624 2100 1623 1625
451 438 455 442 448 455 504 512 504 455 465 461
725 732 724 779 780 779 724 690 692 724 680 697
1129 1223
446 455 447 454 455 442 451 455 456 486 481 480
432 432 433 437 409 341 439 409 410 446 446 446
485 485 492 494 484 478
658 676 657 585 639 596 620 623 620 604 598 641
1229 1228 1234 1228 1211 1174 1228 1218 1213 1256 1256 1256
529 524 524 594 594 594 524 506 511 523 515 511
820 812 819 722 744 735 743 744 744 735 735 735
456 450 456 458 457 462
1590 1591 1590 1633 1163 1161 1632 1161 1160 1512 1188 1191
401 669 665 562 573 651 574 574 655 649 649 649
663 401 349 569 568 568 558 559 558 557 569 558
914 914 1006 735 922 881
2392 2415 2419 1969 2433 1979
418 449 443 361
574 576 574 657 397 392 574 552 552 575 536 552
1389 1380 1379 1466 1465 1202 1379 1373 1363 1379 1368 1359
1369 1368 1373 1294 1305 1313 1309 1306 1315 1306 1303 1303
1070 954 955 1029 987 986 963 997 511 868 1076 557
1758 1796
1118 1118 1121 1162 1159 1164 1121 1083 1086 1120 1082 1084
581 574 581 581 665 666
462 472 458 552 551 551 474 480 472 460 465 472
1303 1328 1343 1343 1328 1328
3161 3234
986 945 987 987 1035 1043
1043 993 1042 1045 1046 1043 1079 1078 1077 1042 1043 1042
1092 1251 1092 1144 1154 1148 1155 1154 1154 1146 1143 1154
554 560 554 554 479 477 549 549 550 554 478 481
1859 1855 1833 1870 1857 1863 1867 1857 1863 1922 1911 1910
610 611 609 610 563 582 671 404 671 610 583 583
896 905 896 897 880 861 897 873 873 916 923 929
1420 1683 1422 1562 1587 1590 1588 1592 1590 1591 1592 1590
707 787 560 832 783 783
1791 1710 1782 1782 1810 1810
986 986 987 985 976 966 985 977 975 1037 1038 1037
519 519 519 545 543 546 519 455 479 519 479 479
455 373 373 456 459 456 454 453 454 373 457 349
914 914 921 996 997 736 915 900 907 915 885 900
1352 1267 1269 1257 1255 1252 1333 1164 826 1315 1267 822
1203 1205 1204 1147 1147 1206 1114 1150 1206 1207 1206 1206
660 578 730 743
999 998 998 1071 1071 1071 998 986 988 998 990 989
542 1165 564 907 972 967
1325 1334 1325 1325 1297 1299 1325 1300 1272 1364 1365 1365
1189 1124 1127 1190 1189 1192 1177 1185 921 1123 1189 1081
1459 1474 1457 1379 1373 994 1409 1340 1340 1310 999 1404
921 925 921 874 886 872 888 885 885 868 872 886
1355 1354 1521 1350 988 1457 1313 998 1624 1482 1477 1475
1743 1235 1744 1741 1746 1741 1290 1741 1721 1721 1740 1726
