332 333 333 114 312 142 339 320 327 332 326 325
364 364 858 401 401 809 364 363 858 826 837 768
333 334 363 142 280 405 330 311 363 363 373 363
353 721 352 404 716 404 817 716 820 354 352 954
310 362 319 137 400 142 367 362 362 321 319 362
316 315 345 140 140 403 317 316 346 345 351 345
313 322 321 138 140 138 315 315 317 320 320 324
340 343 350 294 300 314 352 336 346 352 341 344
313 353 345 150 405 408 361 354 356 347 343 353
315 357 341 138 405 405 361 357 358 345 343 358
337 337 336 404 266 142 337 317 317 337 316 322
819 946 946 791 791 402 714 774 713 862 587 829
312 335 337 140 402 402 336 339 336 337 337 337
1178 1341 1333 1304 1239 1167 1370 1182 1382 1350 1007 1383
362 367 971 407 405 722 361 362 974 825 825 827
341 333 333 286 140 140 349 341 335 350 324 335
313 360 341 143 409 409 359 360 360 341 341 360
338 340 396 139 305 400 338 338 395 395 396 402
332 342 341 405 406 404 340 339 341 342 341 341
806 690 703 778 767 824 945 825 842 823 867 867
361 359 359 403 403 403 359 340 342 359 345 342
330 448 331 140 410 140 441 441 442 331 322 445
485 485 486 308 311 291 487 465 465 480 448 465
356 777 856 402 834 822 872 874 893 765 852 1037
337 337 337 310 317 402 340 317 340 340 340 341
313 344 373 139 407 407 344 350 374 374 377 374
318 319 337 138 141 409 323 319 336 338 337 337
328 338 338 139 400 401 339 347 339 339 345 339
316 345 348 139 403 410 346 345 352 341 342 342
338 359 338 143 405 141 355 353 353 339 321 360
1171 1227 1287 1232 1220 1054 1304 1177 1067 1308 1286 1228
1632 1579 1573 1656 1033 1030 1572 1186 1264 1573 1010 1263
1190 1631 1668 1208 1659 1657 1595 1598 1669 1573 1613 1612
330 331 332 407 269 139 330 317 318 330 316 320
532 532 533 336 337 477 532 526 535 532 512 526
342 337 337 148 404 141 343 342 337 343 321 337
358 368 946 417 415 778 364 364 946 886 869 883
320 332 344 284 142 407 331 330 343 345 343 343
369 862 971 404 803 716 719 879 947 828 832 825
460 459 458 406 145 138 459 334 339 458 340 341
330 333 347 138 140 146 331 313 346 338 339 340
316 340 340 141 402 402 342 339 339 347 340 339
606 605 604 581 317 317 598 514 508 609 478 508
367 367 674 404 404 767 367 368 675 805 719 804
334 334 339 402 289 145 334 333 339 334 321 333
725 757 758 561 554 582 736 698 740 693 656 682
312 347 347 142 413 407 342 341 346 347 347 353
338 338 341 404 141 404 337 312 341 342 342 342
321 341 339 140 404 405 341 348 340 339 343 339
324 318 356 140 139 406 317 322 355 356 365 356
