854 1042 948 948 954 971
548 280 452 452 442 451
1102 1591 1058 1526 1511 1510

615 1045 569 1042 969 968
1865 2299 1877 2377 2295 2295
762 762 806 806 762 720
1884 1884 1822 1822 1781 1822
890 890 903 903 891 868
976 975 1015 1018 975 932
1402 1250 1223 1244 1204 1208
1018 1017 944 966 966 965
847 887
1211 1523 1245 1320 1349 1346
954 1008 1043 1043 1008 1008
563 646
392 657 540 611 611 611
1241 1342
395 659 538 572 572 572
1407 1311
831 832 922 661 832 808
1900 2196 1911 2199 2025 2025
1363 1344 1364 1363 1391 1389
1425 1158 1364 1364 1302 1363
778 778 695 742 742 744
543 458
1555 1645
715 715 748 747 715 670
1242 1242 1263 1262 1241 1202
476 454 476 477 479 479
585 667
586 1014 558 1011 953 953
864 970
2331 2122
950 1543 1026 1382 1573 1529
666 665 668 669 666 641
741 739 742 742 821 822
1096 1096 1096 1091 1169 1169
974 1415 1002 1429 1359 1358
1544 1544 1577 1577 1544 1513
1557 1628
547 546 463 515 516 514
1603 1691
822 1091 966 999 991 991
751 775
1809 1369 1808 1813 1372 1873
573 657
518 778 671 740 744 739
952 1045
1031 1046 1166 966 947 890
646 491
975 1074
437 436 435 415 450 449
1069 1017
1653 1641 1658 1654 1469 1739
1371 1370 1382 944 1290 978
521 784 678 726 726 726
1038 987
1785 1769 1784 1790 1598 1862
710 694 710 706 764 764
545 545 544 545 562 563
667 573
1385 1296
567 567 567 415 499 505

1942 1929 1942 1942 1857 1848
1116 1116 1085 1085 1042 1085
887 887 859 861 806 861
2034 1972
1546 1546 1586 1589 1546 1502
655 654 554 624 622 622
752 811 613 882 811 811
913 996
742 801 603 877 804 801
448 432
1958 1958 1970 2094 2032 2033
1588 1588 1577 1610 1608 1610
1117 1385 1267 1313 1314 1313
1083 1083 1083 1005 1127 862
941 940 993 993 941 901
1653 1731
