344 344 410 410 345 326
332 374 136 315 364 363
349 353 143 140 353 350
769 901 717 716 936 842
334 335 138 139 335 320
334 337 141 141 337 338
337 344 141 141 343 344
353 358 138 137 359 359
1195 1203 1033 1033 1203 1134
333 333 141 141 333 320
335 341 141 140 341 341
352 894 149 716 708 784
565 565 362 361 565 537
345 345 139 139 345 336
1596 1602 1394 1657 1638 1640
338 358 152 149 359 358
333 342 147 145 341 341
339 340 143 143 341 341
311 321 142 144 321 321
338 338 137 145 339 322
336 336 139 139 337 337
449 449 396 136 449 317
888 887 716 718 891 806
316 316 143 145 316 315
359 893 143 715 786 892
802 884 723 723 883 882
336 336 140 140 336 319
334 339 141 140 339 340
337 360 144 143 361 361
669 579 638 635 679 628
335 334 148 147 334 320
353 353 143 149 353 355
1623 1618 1654 1382 1516 1516
413 339 141 141 339 435
333 334 144 144 333 321
339 335 142 143 336 322
1619 1617 1653 1177 1508 1199
317 320 139 139 320 321
867 922 714 743 865 958
356 904 140 748 891 818
780 890 721 721 890 902
335 337 145 145 338 338
358 900 142 723 900 901
1216 1217 1031 1031 1216 1216
319 320 145 145 320 315
333 341 142 150 342 342
336 336 141 142 335 314
331 332 149 141 336 336
334 358 142 150 358 356
331 331 140 140 332 316
