1118 1171 1111 1107 1117 1171 1082 1087 1190 1186 1181 1174 1164 1162 1150 1153 1119 1100 1171 1094
875 886 881 1354 710 725 754 1352 791 541 811 1356 870 711 699 1288 1337 1337 1349 1191
1479 1190 1581 2226 934 1701 1672 1746 933 1439 1480 1235 943 1194 1482 1863 937 1134 1324 1579
1228 1157 1157 1157 1239 1228 1229 1240 1176 1233 1154 1168 1254 1255 1249 993 1170 1233 1155 1135
894 2228 2456 1548 489 1660 2304 3257 440 2267 1399 2169 480 2742 2706 1222 525 1210 1710 1966
1179 1171 1183 1171 1125 1110 1123 1110 1126 1117 1125 1109 1127 1117 1109 1112 1126 1118 1111 1123
1758 1527 1660 1218 2944 1590 1461 1296 1751 4026 3290 1303 1688 1757 1946 1286 1301 2677 2000 1325
1220 1071 1606 1434 1496 1451 1269 1662 707 1285 1243 1449 1280 1528 1149 1656 1439 1606 1408 1576
532 539 532 547 550 527 476 529 544 521 519 531 572 565 571 574 544 518 525 517
2624 2430 1465 1788 1889 2106 1401 1700 3107 2063 1432 1896 2760 1364 1856 1603 1806 1901 2828 1403
1406 854 1385 1291 2206 1286 2641 1477 1010 2209 1506 947 1451 1393 847 889 965 3547 853 2027
1629 1644 1632 1658 1631 1627 1616 1657 1651 1652 1651 1651 1626 1614 1613 1657 1659 1658 1671 1660
1734 1535 2512 1798 2329 1530 2050 1728 1622 1490 2072 1487 2268 2190 1947 2152 1859 1735 1527 2174
1477 1407 1487 1404 1482 1477 1478 1484 1410 1477 1482 1412 1478 1478 1477 1484 1286 1514 1246 1514
812 737 737 740 813 802 803 805 748 812 739 742 717 853 582 718 747 812 738 730
2411 2341 1620 2706 2487 2369 1683 2534 2306 2406 1617 2443 2176 2763 2188 2437 2463 2606 2407 1701
2334 1810 1200 2330 1980 2010 1366 2316 1783 2285 1252 1878 1717 2069 1618 1915 2767 3612 1922 1362
1727 1818 1709 1710 1740 1844 1180 1241 1795 1784 1767 1767 1738 1056 1938 1076 1716 1206 1730 1194
1516 1134 1735 2116 1578 1195 1847 1590 1492 1563 2349 1607 1547 2351 1190 1744 1560 1806 1219 2427
526 596 527 526 533 600 476 475 583 583 583 583 533 475 596 473 573 566 582 566
513 458 514 467 515 513 513 523 545 545 545 548 515 515 515 519 459 513 457 514
873 1749 1737 1891 1502 1954 1420 1604 1430 944 1532 1748 1427 796 1872 1366 1638 835 1636 1322
618 769 635 508 661 684 666 669 682 683 687 689 641 660 683 661 653 659 685 667
1513 1524 1573 1513 1518 1532 1574 1502 1529 1522 1573 1521 1579 1573 1584 1573 1472 1352 1625 1617
1912 1317 1216 1307 1899 1911 1854 1845 1322 1983 1319 1323 1142 1995 1351 1143 1301 1931 1345 1281
545 539 538 548 565 564 569 580 541 553 543 552 534 471 539 478 534 475 539 469
374 441 336 420 361 431 357 413 441 444 433 438 189 468 458 455 416 431 440 414
1814 1824 1818 1814 1908 1908 1744 1587 1820 1809 1809 1808 1828 1777 1814 1788 1822 1788 1812 1788
1919 2468 1991 1811 1758 2453 1272 1189 2554 2339 2436 2366 1750 1337 2399 1281 1715 1349 2548 1585
1012 982 946 932 1013 1023 1028 1013 972 1012 983 972 938 1012 984 918 881 1043 1053 890
638 641 646 637 595 625 606 608 623 622 631 623 599 599 626 608 609 609 626 617
1125 685 1378 1055 1180 892 1962 1362 863 1034 2047 1006 1321 1401 888 1085 1226 1172 890 1616
1632 1953 1419 1776 1285 1757 1480 1614 1244 1576 1485 1885 1125 2106 2030 1810 1296 1551 1787 1975
446 463 454 452 433 477 446 445 466 465 465 465 447 447 474 448 431 433 476 446
1922 718 719 731 1800 1808 1797 1947 865 1808 583 726 929 1812 683 701 951 1733 527 532
1208 1250 1137 1001 928 1676 1118 1442 899 1319 1203 1714 867 1558 1107 1861 878 1164 1946 1356
1356 412 1440 1589 1322 592 1434 1432 1195 1214 1124 1448 1302 1430 645 1462 1321 1328 640 1330
1971 1366 933 1945 1033 1122 909 1176 1031 1283 925 1276 2551 1121 1144 1957 3227 1155 1357 901
460 440 446 462 470 459 479 462 452 461 467 462 388 549 283 549 475 465 463 478
2052 1338 1929 2076 1671 1528 1792 1743 1610 1657 1695 1591 1806 1770 1503 1720 1675 1747 1440 1750
2666 2049 2603 3070 822 2578 2405 2564 735 1864 2055 2493 806 1853 2795 2457 824 3592 2036 2344
1743 2189 2259 2197 2323 2667 2889 2222 2326 1862 2978 2360 2647 1861 2426 2417 2538 1860 2195 2409
705 632 673 696 695 695 695 694 479 755 743 743 676 701 674 695 699 707 697 695
2540 1602 2479 2454 2558 1828 2380 2455 2153 2185 2248 2205 2533 2548 1829 2455 2528 2556 1829 2403
438 432 435 433 440 321 324 408 452 190 183 441 438 334 320 408 439 416 409 412
933 931 931 943 1017 1006 743 1019 946 927 924 936 944 898 924 931 944 914 925 913
1531 1765 1909 2133 1784 2815 1496 1862 1678 1523 1687 1670 2819 1519 1665 2027 1727 1519 2376 2301
992 918 971 923 1001 977 976 977 936 992 972 911 986 984 971 976 780 1040 761 1024
2378 2548 2450 1791 2399 2429 1908 1320 2955 2528 2431 1758 2364 1875 2386 1322 2435 1952 2347 1961
1033 769 1048 1034 997 987 995 997 930 985 992 997 998 984 985 997 1004 997 998 997
