1071 1365 1573 958 1210 1612 1418 1346 1596 1538 1537 1400
1398 1549 1436 1343 953 920 1470 828 875 1466 966 1257
1236 1115 1122 1032 621 870 1259 507 1062 1230 945 1096
1302 1164 1440 1362 1018 1600 1370 1247 1436 1591 1481 1534
1431 1461 1446 1376 1078 1604 1428 951 1447 1502 1520 1449
954 1022 986 889 526 888 1056 508 724 1074 772 805
1037 1164 1122 1224 906 916 1109 1038 1117 1112 1083 1148
1000 1439 1133 947 1195 1018 1406 1304 1411 1125 1013 1424
1252 1389 1253 1278 1016 1279 1406 1044 1245 1431 1297 1304
1184 1359 1068 1113 1181 1325
944 825 1258 858 520 1266 935 603 1265 1246 1164 1274
1479 1527 1487 1025 1424 1016
1030 1089 967 981 1198 1019
962 1117 932 1064 1068 994
992 1060 1641 1018 967 1664 1024 873 1683 1673 1455 1475
1124 1151 1338 1309 1003 1326 1150 910 1256 1307 1288 1118
1262 1324 1582 1035 1032 1461 1216 1216 1604 1324 1475 1435
1135 1421 1257 979 1301 1281 1444 1348 1423 1265 1218 1415
970 1067 1195 985 874 1239 1085 1004 1194 1323 1216 1229
1596 1571 1590 1372 957 1017 1615 986 1244 1608 1118 1120
1753 1752 1494 1724 1724 1609 1753 1767 1758 1683 1574 1702
969 1062 1052 1068 690 962 1220 775 873 1209 935 1066
1565 1734 1503 1565 1042 1408 1623 1050 1418 1566 1381 1381
1665 1674 1684 1634 1538 1431 1738 1792 1773 1694 1480 1794
1374 1252 1370 1136 791 1318 1342 730 1352 1385 1160 1391
920 1052 1126 1032 960 1288 1197 1012 1123 1089 1133 1159
923 924 1132 871 572 857 806 573 1130 1096 946 1033
1415 1316 1484 1414 702 1083 1486 823 867 1512 968 1035
992 1120 1589 1019 707 1561 876 670 1594 1430 1427 1426
1112 1236 1500 1030 721 1436 1267 746 1439 1422 1409 1463
982 999 1553 901 605 1465 1002 588 1555 1433 1457 1488
1282 1341 1451 1366 1065 1220 1287 951 1432 1384 1318 1329
1457 1406 1400 1595 1102 1407 1565 1163 1381 1588 1382 1333
1153 1141 1083 1057 940 951 1287 1034 1057 1245 996 1017
1452 1509 1423 1522 378 944 1558 521 1127 1568 964 1096
1274 1213 1173 1287 623 885 1300 566 810 1305 915 917
2332 2341 2445 2307 2066 2269 2323 2313 2467 2322 2271 2304
1204 1367 1366 1002 1312 1286 1267 1291 1330 1325 1273 1317
1489 1442 1428 1524 565 879 1601 581 767 1619 954 964
1137 1352 1378 1095 1082 1375 1351 1133 1388 1401 1338 1364
1092 1051 1100 1012 549 972 1119 536 1067 1126 1000 1111
831 1095 1131 908 945 1302 915 737 1150 1249 1146 1253
1427 1359 1425 1465 1128 1585 1563 1202 1401 1594 1436 1473
1483 1574 1576 1591 814 1480 1443 897 1560 1440 1506 1489
1597 1719 1666 1700 1610 1212 1725 1415 1418 1713 1277 1633
1107 1068 1201 987 958 971 1202 855 1103 1117 990 1124
998 1330 1360 1003 1250 1350 1422 1328 1343 1432 1268 1347
1134 1218 1485 1057 1051 1396 1297 1057 1477 1466 1448 1530
