975 1480 1047 1199 1115 1293
778 721 950 615 926 597
1438 1303 1371 740 1577 836
1001 1326 1066 1140 1392 1289
928 1133 909 748 1106 555
1193 1604 1206 1588 1488 1372
1237 1275 1207 996 1310 844
969 1020 911 699 1066 482
902 1286 902 1087 1198 832
1141 1257 909 1024 1162 986
786 1711 930 1514 1690 1587
1188 1396 1226 1497 1541 1426
1072 1079 1226 910 1293 966
987 1034 1141 880 1013 1017
777 1279 799 1321 1295 1129
945 1120 976 780 1261 713
1112 1373 1224 570 1353 482
1120 1289 1205 1243 1416 891
842 992 898 678 952 498
616 782 832 408 659 383
935 1054 825 465 1029 418
774 967 922 569 954 441
1085 1087 1059 1000 1257 1063
1608 1695 1647 1586 1725 1426
964 1036 1018 940 1017 982
1303 1337 1146 1163 1332 1000
1385 1448 1323 1188 1555 1192
1146 1222 1191 794 1403 600
1068 1371 1342 677 1314 590
1127 1224 1003 909 1245 887
1177 1111 984 452 1175 467
806 734 862 470 966 614
1558 1517 1583 1082 1596 964
793 1351 907 1221 1262 1058
1136 1453 1129 465 1328 392
1038 1126 956 918 979 957
801 1822 934 1857 1718 1627
1121 1380 1212 928 1374 962
733 1108 946 1116 1076 961
1397 1528 1411 668 1573 689
1011 1719 1174 1904 1684 1658
1180 1554 1178 1519 1585 1497
1450 1431 1588 740 1567 570
1252 1545 1503 819 1502 610
899 1009 777 337 1008 527
1099 1429 1316 598 1368 580
774 963 945 684 904 368
861 944 841 604 718 610
863 1089 811 342 771 404
1250 1302 1322 586 1379 544
