1172 1172 1167 1096 1217 950
1143 1150 1184 1184 1150 1152
1423 1392 1472 1403 1503 1502
1164 1171 1100 1106 1106 1106
925 925 924 903 823 814
761 877 855 856 878 877
868 864 977 978 978 979
1269 1280 1351 1351 1273 1278
979 1046 884 883 1046 1043
1531 1533 1535 1474 1481 1488
856 854 895 898 870 896
1120 1121 1193 837 1194 767
1269 1232 1269 1269 1086 1352
881 886 997 997 981 997
1171 1168 1172 1172 1257 1257
1416 1416 1435 1435 1417 1386
654 723 819 782 796 798
1255 1255 1349 1082 1255 1242
1075 1209 1115 1227 1173 1194
869 869 998 998 918 998
1187 1187 1104 1108 1108 1108
1610 1614 1698 1298 1642 1245
736 571 835 835 490 804
1329 1329 1157 1157 1329 1133
1203 1209 1278 1272 1204 1209
883 883 1036 1036 981 1036
1566 1777 1479 1860 1728 1722
1675 1696 1567 1567 1657 1603
896 896 811 812 901 889
891 890 1033 1033 999 1033
1819 1802 1819 1823 1688 1688
1202 1202 1163 1163 1148 1166
1037 1037 1017 1017 1005 1017
1041 1040 889 889 1042 1028
868 868 917 917 882 917
1304 1302 1216 1270 1270 1269
1255 1255 1282 1017 1255 1174
1253 1253 1193 1206 1206 1206
1134 1136 1134 1082 1166 1166
1678 1679 1537 1226 1679 1228
794 795 764 764 726 701
1601 1596 1628 1231 1688 1083
1250 1245 1250 1253 1150 1250
1358 1359 1359 1214 1267 1267
1746 1732 1746 1743 1576 1838
1197 1197 1115 1115 1111 1114
1667 1663 1781 1433 1802 1487
3080 1518 3183 3189 1649 3168
1113 1131 1194 1188 1126 1131
1515 1203 1585 1582 1164 1582
