1241 1239 1239 1246 1245 1245 1241 1246 1238 1322 1322 1323
848 798 794 898 927 897 927 927 926 896 901 927
848 875
1177 1176 1180 1187 904 909 1188 903 881 1111 1107 795
754 624 711 828 657 695
1415 1416 1415 1020 1491 867
809 809 819 885 929 888 935 928 938 881 879 928
1421 1419 1419 1425 1134 1127 1424 1135 1134 1227 1221 1220
1016 840 1029 1024 874 871
587 764 742 462 767 833 871 861 877 855 850 854
811 976 882 881 979 977
1593 1595 1593 1485 1168 1173 1594 1160 1161 1594 1161 1165
1608 1605 1605 1659 1663 1716 1663 1667 1716 1716 1720 1716
1112 1120 803 1117 1121 1112 1119 1118 1118 895 1205 1207
971 971 971 1001 1000 1006 995 1002 1006 1011 1007 1006
770 829 770 859 858 919 660 721 919 920 919 920
1578 1578 1700 1695 1686 1695
1685 1732 1540 1686 1765 1696 1539 1666 1479 1568 1567 1734
864 809 638 764 642 775
836 1050 983 907 903 902 1056 1047 1048 988 982 1050
1044 1108 1013 996
1749 1748 1749 1835 1838 1838 1838 1840 1837 1763 1836 1837

548 659 876 916
1397 1397 1401 1261 1260 1265 1396 1240 1246 1397 1206 1240
1271 1265 1265 1265 1118 1117 1208 1213 949 1265 1126 1091
809 392 752 874 874 890 485 806 796 856 861 855
1413 1420 1423 1547 1555 1552 1546 1546 1556 1533 1548 1552
761 647 812 795 659 729 813 885 806 858 831 695
1211 1210 1217 1113 855 808 1210 906 909 1210 897 907
1559 1550 1710 1442 1559 1641 1653 1666 1710 1498 1570 1613
1576 1670 1575 1653 1670 1655 1469 1654 1592 1607 1654 1670
1087 798 1087 1087 855 1167
856 924
2058 2062 1949 1961 2052 1896
1244 1265
1283 1594 1239 1648 1648 1648
2084 1929 1703 1953 1890 1655 1891 1972 1677 1775 1650 1807
1426 1433 1693 1426 1269 1693 1291 1292 1605 1690 1690 1693
1832 1635 1756 1829 1832 1832 1698 1698 1698 1756 1833 1755
2092 2092 2097 2025 2026 2026 2092 1936 2004 2092 2002 2002
2091 2089 2511 2089 2070 2511 2035 2032 2346 2512 2513 2511
1021 1018 905 907 1023 1004
856 998 892 892 998 1006
1730 1719 1282 1802 1949 1719 1853 2196 1650 1210 1810 1847
1028 1113 832 1029 1113 1028 1118 1108 1114 889 887 1198
1290 1290 1289 1117 1199 1200
1439 1434 1434 1382 1382 1391 1349 1384 1391 1391 1392 1391
725 658 856 849 591 815
892 924 752 884 924 886 925 933 927 603 876 869
816 815 880 902 902 908
780 970 878 956 872 890
1277 1277 1284 1277 1136 1138 1278 1136 1115 1202 1201 1193
1400 1530 1645 1468 1458 1458 1646 1644 1660 1649 1646 1645
444 1068 557 945 1059 1059
1602 1604 1602 1686 1689 1685 1686 1686 1687 1661 1685 1686
904 748 910 907 904 909 861 853 852 919 909 910
650 804 789 859 805 654
811 1004 999 888 888 889 1006 1006 1062 1046 1045 1062
872 857
1599 1603 1664 1665 1615 1664
1544 1383 1415 1559 1551 1551 1413 1718 1406 1423 1562 1417
820 821 904 909 912 912
2249 2538 2500 2102 2447 2502 2478 3000 2680 2472 2956 2754
1042 1044 1039 1039 1015 1006 1036 1039 1037 1038 1009 1008
1281 1282 1281 1273 1265 1273 1280 1232 1232 1281 1204 1236
983 984 991 985 983 997 999 998 997 1001 997 997
1342 1333 1703 1332 1272 1702 1356 1361 1705 1681 1685 1682
759 821 793 798 707 730
1721 1721 1721 1583 1669 1584 1721 1463 1653 1721 1659 1670
1019 776 907 1035 1024 1019 889 874 873 922 1020 911
1517 1650 1517 1669 1663 1680 1455 1559 1630 1636 1630 1633
1609 1869 1762 1864 1866 1870
558 739 500 813 859 854
761 756 861 711 700 848 671 888 859 660 791 661
2083 2042 1969 1981
1723 1417 1517 1713 1719 1715 1482 1804 1475 1551 1729 1552
1379 1376 1376 1391 1137 1136 1392 1143 975 1540 1231 917
1307 1306 1315 1228 1228 1230 1307 1141 1215 1307 1213 1214
656 569 655 661 494 498
1225 1224 1224 1106 831 1098 1229 982 1082 1231 1082 1082
1327 1327 1336 1331 1229 1240 1329 1229 1243 1274 1274 1271
966 966 964 966 857 887 868 868 869 966 882 882
1320 1320 1320 1171 1228 1227
1307 1310 1309 1256 1205 1213 1312 1148 1189 1311 1183 1188
1121 1120 859 1055 1046 1046 1027 1048 1019 1010 1048 1019
1631 1312 1628 1627 1215 1528
714 815
937 942 936 934 869 868
2150 2173 2069 2044
1032 1130 1032 1031 1105 987 1031 1006 1006 903 903 1049
811 1011 1046 903 906 904 1008 1016 1045 1044 1052 1046
572 757 734 736 758 754 852 849 865 809 810 849
708 896 811 811 895 895
552 498
845 831 1015 852 847 1015 889 884 885 1022 1016 1018
2483 2475 2307 2499 2501 2498 2473 2477 2477 2399 2399 2405
873 999 1180 744
934 849 908 936 933 932 886 876 874 907 935 907
1081 841 964 1079 1086 1081 924 924 923 965 1081 961
2116 2314 2137 2456 2409 2410
