2941 4380 4273 4430 4081 4298 4343 4345 4438 3089 4369 4718 4387 2712 4360 4279 4468 2808 4422 4480
2230 2358 2521 2583 470 2278 2569 3158 860 3043 3107 2380 1106 2613 2651 2715 1109 2721 2453 2477
2664 3007 4455 3477 2021 3868 4183 3222 2225 2993 4599 3701 2395 4065 4292 3358 2232 2988 3961 3965
1607 3034 3652 3048 2877 2800 3400 2825 3364 1414 3232 2867 3365 1966 3496 3467 3334 1407 2807 3219
3495 3399 1896 3700 3377 3385 1917 3653 3412 3534 1926 3741 3341 3327 3333 3397 3612 3875 3763 2065
3049 2761 988 2838 2073 3305 988 2692 2339 2692 1322 3261 1929 1738 2416 3445 3615 2427 2734 1350
2833 3130 2836 903 2969 3567 3143 920 2853 3343 2791 1091 3084 3075 3161 1053 2943 2814 3113 3119
2798 3034 1333 3287 2769 3176 1246 3301 3071 3077 1619 3147 2815 2575 2845 3244 3129 3163 3151 1682
1846 2957 3490 1314 2285 3995 2711 1722 2704 4105 2007 1402 1715 2248 4434 1412 1730 4649 1720 1756
2206 2169 2169 1658 3214 2856 3534 1217 2355 2075 1823 1225 2780 2541 2682 1350 3276 1779 1604 2163
4306 3337 3831 1740 4313 4432 3920 1754 3446 3720 4383 1578 3864 4224 3426 1611 3547 4214 4040 4224
3327 1501 3389 3280 3422 1801 3449 3615 3040 3335 3357 3348 3392 3294 1769 3485 3467 3684 1841 3951
2542 1481 3006 2405 2432 1569 2257 2658 2127 2475 2385 2523 2534 2738 1613 2395 2542 2468 1741 2499
2273 2437 2655 2462 857 2601 2483 2697 1346 2835 2665 2888 1348 2596 2733 2720 1299 2551 2478 2769
1007 1885 2785 2919 3387 1990 2312 2891 2000 1085 2302 2249 2677 1686 2723 2760 3322 1076 2662 2457
2181 3680 3396 4265 3618 4133 3992 3207 4221 2042 4700 3947 3744 2053 4027 3496 3940 1636 3567 3380
2503 4161 3992 4176 3755 3679 3640 3646 3866 2560 3903 3799 3787 2234 3755 3729 3789 2270 3758 3755
1966 4177 3417 3581 3130 4133 3430 3381 3963 2680 3983 3991 3276 1983 4203 3612 3486 2178 4205 3584
4042 1636 4641 4376 2582 1506 2370 2390 2600 2097 3935 2192 2617 2125 1605 2824 3294 2461 1584 3779
3514 3059 2964 1513 3376 4163 2464 1628 2216 4279 3632 1749 2340 3040 2926 1974 1979 2881 2872 2784
3387 3089 1679 3204 2945 2787 1126 2648 2870 2432 1166 2593 2800 1958 2135 2721 2951 2273 2935 1360
1376 1378 1382 1377 1377 1284 1289 1283 1233 1233 1235 1234 1377 1283 1136 1150 1377 1284 1152 1158
2140 1388 2318 2031 2565 1563 2164 3077 2089 2824 2137 2501 1992 3619 1368 1872 2351 3558 1516 1802
2916 1029 3375 3187 2675 920 3260 3163 2680 2740 3136 3181 3075 2810 1241 3360 3268 3385 1333 2940
3975 2561 2769 2485 3881 3896 4000 3771 2951 4210 3020 2528 2856 3760 2955 2346 3021 3770 2494 2639
1495 2102 2311 977 1461 1925 2331 997 1897 2224 2639 1562 2576 2171 2419 2035 1163 1363 1995 2094
1898 1176 1259 1351 2077 2066 2090 2245 1245 2115 1189 1229 1301 2088 1231 1346 1365 2129 1241 1272
2290 3158 2625 3102 3171 1795 1824 2052 2632 1420 2475 2281 2859 1422 2249 2006 2893 1388 1885 2085
1024 1228 824 1511 1005 1290 835 1570 1223 1248 1278 1535 757 778 1211 1426 1425 1502 1499 1451
3037 2837 3439 3112 1040 2971 3177 3434 911 3085 3172 3415 1220 3219 3259 3395 1208 3205 3254 3349
4375 4006 4017 1421 4514 4574 4099 2159 4298 4029 4406 1455 3514 4528 3240 1260 3411 4156 3871 4239
3464 3540 3328 2919 3481 2294 2306 1612 3482 2329 2071 1678 3478 2327 2173 1667 3248 2326 2209 1948
3928 2413 2696 1116 3817 2900 3192 1301 2428 4098 2562 1108 4301 2777 2552 1455 3207 3089 2213 3795
4024 4088 4167 2848 3988 4072 4229 2507 4094 4201 4360 2761 4082 4019 4024 2790 4114 3613 3939 3982
3449 1661 3263 3250 3329 1673 3161 3202 3296 3535 2922 3543 2925 3553 1408 3426 3425 3665 1955 3558
4967 4770 5101 1972 5295 5078 4552 2063 4829 5295 4703 1618 4785 4871 4904 1693 4792 4668 4479 4527
1063 2324 3262 4263 3510 2152 1923 3225 2268 1563 3066 2529 4752 1100 4878 3464 2168 1256 2960 3113
1288 2987 3817 3950 3137 3425 3250 3273 4453 1172 3422 3862 3224 1291 3756 4289 4131 1288 3770 3612
3744 4549 2394 3680 2984 3483 1883 2949 3486 3769 2139 3129 3439 3620 2617 3070 3862 3083 3779 2131
1560 2171 2005 3196 1968 1915 3490 2878 2196 1717 3997 2939 1974 1788 3019 2053 2051 1696 1990 2378
2967 2913 3338 2859 1969 3016 2919 2939 2130 3079 3488 2932 2079 2998 2914 2948 1982 3242 3714 3274
2545 2967 2648 1445 3220 2525 2583 1486 3673 3691 2223 1132 2930 2960 2263 1128 2867 2242 2130 2742
3441 3125 2349 3705 1760 2689 2693 2659 1542 3368 2973 2648 1576 2230 2344 3453 1883 3020 2503 2786
2400 3666 981 2270 2610 3207 1011 2286 2849 2392 1538 3408 1561 2883 2450 2685 2783 3006 3249 1253
2620 4443 2225 2182 1902 4685 2729 2831 3717 4494 4580 4577 1511 2597 4586 2324 1517 2758 4684 2445
2762 2755 2987 2915 1623 2720 3064 3069 1815 2541 3173 2983 2069 3040 3062 3132 1952 3374 2719 3071
2845 2992 3089 3494 801 3058 2945 2143 796 2598 2466 2388 955 3787 3875 3615 917 2976 2689 3653
734 2094 2428 2287 1777 1928 2152 2301 2036 752 2429 2384 2549 1137 2237 2412 2378 1248 2507 2375
2850 2867 2994 2940 1495 2602 3840 3170 1566 2813 3233 3403 2312 3298 3187 3733 1836 3167 3031 3107
3665 1892 3273 3611 4676 1872 3692 3446 2991 3123 2558 3477 3852 3239 1500 3896 3438 3537 1534 3621
