970
960
960
960
960
941
979
960
960
960
960
960
960
960
960
960
960
960
960
960
960
950
970
950
970
960
960
960
960
960
960
960
960
960
941
979
960
960
960
960
960
960
960
960
960
960
960
960
950
970
960
960
960
960
960
960
960
960
960
960
960
960
950
970
950
970
960
960
960
960
960
960
960
950
970
960
960
960
960
960
950
960
970
960
950
970
960
960
960
960
960
960
960
960
960
960
960
960
960
960
960
960
960
960
960
960
960
960
960
960
960
960
960
960
950
970
960
960
950
970
960
960
960
960
960
960
960
960
960
960
960
960
960
950
970
960
960
960
960
960
960
960
960
950
970
960
950
970
960
960
960
960
960
960
960
960
960
960
960
960
960
960
960
960
960
960
960
960
960
960
960
960
960
960
960
960
960
960
960
960
960
960
960
960
960
960
960
960
960
950
970
758
1150
970
960
960
960
960
960
960
57.6 
0.00
0.00
0.00
0.00
0.00
0.00
0.00
0.00
0.00
0.00
0.00
0.00
0.00
0.00
0.00
0.00
0.00
0.00
0.00
0.00
0.00
0.00
0.00
0.00
0.00
0.00
0.00
0.00
0.00
0.00
0.00
0.00
0.00
0.00
0.00
0.00
0.00
0.00
0.00
28.8
1130
960
960
960
960
960
960
960
960
960
960
960
960
960
960
960
960
960
950
970
960
960
960
960
960
960
960
960
960
960
960
960
960
960
960
960
960
960
960
960
960
960
912
1010
960
960
960
960
960
960
960
960
960
960
960
960
960
960
960
960
960
960
960
960
960
960
960
960
960
960
960
960
960
960
960
960
960
960
960
960
970
922
989
960
960
960
960
960
960
960
960
960
960
960
960
960
960
960
960
960
960
960
960
960
941
979
960
960
960
960
960
950
970
960
960
960
970
950
960
960
960
960
960
960
960
960
960
960
960
960
960
960
960
960
960
931
989
960
960
960
960
960
960
960
960
960
960
960
960
960
960
960
960
960
960
960
960
960
960
960
960
960
941
979
960
960
960
960
960
960
960
960
960
960
960
931
989
960
960
960
960
960
960
960
960
960
960
960
960
960
960
960
960
960
960
960
960
960
960
960
960
960
960
960
960
960
960
950
970
960
960
960
960
960
960
960
960
960
960
960
960
960
960
960
960
960
960
960
960
960
960
960
960
960
960
960
960
960
960
960
960
960
960
960
960
960
960
960
960
960
950
970
960
960
950
970
960
960
960
960
960
902
1020 
960
960
960
960
960
960
960
960
960
960
960
960
960
960
960
960
960
960
960
960
960
960
960
960
960
960
960
960
960
960
960
960
960
960
960
960
960
662
1260 
960
960
960
960
960
960
960
960
960
960
960
960
960
960
960
960
960
960
960
960
960
960
960
960
960
960
960
960
960
960
960
922
998
950
970
960
960
960
960
960
960
960
960
960
960
960
960
960
960
960
960
960
950
970
960
960
960
895s
