11.5
14.3
15.4
15.7
14.8
16.2
16.2
16.1
15.9
15.7
15.8
16.1
15.8
16.2
16.1
16.2
16.2
15.8
16.0
15.2
15.4
14.9
14.5
15.1
15.7
15.4
15.5
16.2
14.7
16.1
16.0
15.9
16.0
15.9
16.0
16.1
15.5
15.6
15.6
15.5
14.7
14.9
14.5
15.1
15.3
16.0
16.0
16.4
16.0
15.8
14.7
14.2
15.0
12.5
11.9
12.8
15.1
12.7
13.9
12.0
12.4
13.1
15.1
14.8
14.7
14.6
13.9
14.8
15.5
16.4
16.0
15.9
15.6
16.4
16.2
13.2
13.1
14.2
15.4
14.3
15.5
15.7
13.3
15.2
14.7
14.5
11.9
14.6
9.74
14.2
13.3
15.0
13.0
12.3
13.4
11.5
13.3
14.6
14.3
14.3
