17.8
26.3
26.6
22.6
21.3
22.3
25.6
23.0
28.4
26.8
25.3
27.5
20.8
26.0
24.1
23.0
25.2
24.2
23.8
29.0
28.5
29.1
27.6
23.4
25.8
23.5
26.7
21.7
28.7
29.1
28.1
23.1
22.6
25.5
28.6
28.9
28.3
26.1
26.4
25.7
26.1
28.8
24.5
24.6
23.9
26.1
24.4
26.0
26.7
29.8
27.5
28.3
30.5
23.2
27.0
28.0
26.6
24.7
27.0
25.2
27.0
27.4
21.8
29.3
25.8
28.6
26.7
30.4
25.5
25.4
22.0
26.8
21.0
23.8
28.8
29.0
26.5
26.3
26.7
30.8
26.9
22.0
29.1
24.1
28.8
26.8
29.3
25.5
28.3
27.9
25.5
27.3
28.1
27.2
30.6
27.8
26.6
26.2
25.2
26.2
