26.5
23.9
23.5
24.6
21.2
24.3
24.2
29.9
26.4
24.9
22.6
29.5
26.8
30.8
24.9
22.9
21.2
21.9
22.3
23.8
22.4
23.0
22.8
23.3
23.7
22.7
23.0
25.0
27.0
25.0
27.6
24.6
22.4
27.9
25.5
24.5
27.2
24.5
20.9
25.6
22.2
22.5
22.6
22.6
23.2
24.4
22.9
23.5
25.3
23.1
24.3
24.5
23.3
23.3
23.1
23.1
27.3
25.4
23.1
23.4
23.2
20.2
23.8
24.4
26.4
17.8
28.8
20.5
19.0
19.3
25.0
24.2
20.0
22.6
21.9
28.9
24.1
23.4
26.4
25.2
32.8
35.5
32.8
27.0
22.9
23.5
22.5
26.3
24.2
27.8
24.3
25.4
24.8
26.7
27.2
25.8
30.5
30.0
36.8
22.6
