1010
960 
960 
950 
960 
970 
960 
931 
989 
960 
950 
960 
960 
960 
960 
970 
950 
960 
970 
941 
960 
979 
950 
941 
989 
960 
960 
950 
960 
970 
950 
970 
960 
950 
970 
960 
960 
960 
950 
970 
960 
950 
970 
950 
970 
960 
950 
960 
970 
960 
950 
960 
960 
970 
922 
979 
970 
970 
960 
960 
960 
950 
950 
979 
941 
970 
970 
538 
380 
950 
970 
960 
960 
950 
941 
989 
960 
960 
950 
970 
950 
960 
970 
950 
970 
950 
970 
960 
960 
960 
960 
960 
960 
941 
979 
950 
950 
970 
960 
970 
960 
950 
960 
970 
950 
960 
970 
950 
960 
970 
960 
960 
950 
970 
950 
950 
979 
960 
960 
950 
970 
950 
960 
970 
960 
950 
970 
950 
970 
950 
960 
970 
950 
970 
950 
970 
960 
960 
950 
970 
950 
960 
950 
960 
970 
960 
970 
941 
970 
970 
960 
950 
970 
950 
970 
960 
950 
970 
941 
979 
960 
950 
970 
950 
950 
979 
960 
960 
941 
970 
970 
960 
960 
960 
941 
979 
941 
893 
1050
960 
960 
960 
960 
950 
970 
931 
979 
970 
960 
960 
941 
970 
950 
970 
970 
950 
970 
960 
960 
950 
509 
0.00
0.00
0.00
0.00
0.00
461 
960 
941 
979 
960 
960 
960 
960 
950 
960 
950 
970 
950 
970 
970 
960 
931 
979 
960 
970 
941 
979 
950 
960 
970 
960 
950 
960 
960 
960 
970 
950 
970 
950 
970 
941 
931 
979 
950 
979 
960 
979 
941 
970 
941 
970 
950 
979 
960 
960 
960 
970 
950 
960 
960 
950 
960 
950 
979 
960 
960 
970 
941 
960 
970 
970 
950 
960 
960 
960 
970 
960 
950 
960 
950 
970 
960 
970 
931 
979 
941 
979 
931 
989 
960 
960 
902 
998 
960 
922 
1020
922 
922 
998 
998 
970 
950 
950 
979 
950 
950 
970 
970 
960 
960 
941 
970 
970 
960 
950 
950 
970 
960 
970 
950 
970 
941 
979 
960 
941 
970 
970 
950 
960 
970 
960 
960 
960 
950 
960 
970 
950 
970 
950 
960 
970 
960 
941 
979 
960 
960 
960 
960 
950 
950 
970 
912 
1010
960 
970 
960 
950 
970 
950 
960 
970 
960 
950 
960 
960 
960 
960 
941 
989 
950 
960 
941 
970 
970 
960 
970 
960 
950 
950 
970 
960 
970 
950 
950 
960 
970 
941 
989 
960 
960 
950 
970 
950 
970 
950 
950 
960 
970 
970 
960 
941 
960 
960 
979 
941 
979 
912 
989 
960 
960 
931 
998 
922 
970 
979 
950 
989 
950 
970 
922 
989 
950 
950 
950 
989 
941 
989 
912 
998 
970 
950 
970 
931 
979 
950 
950 
979 
941 
970 
960 
970 
970 
960 
950 
960 
960 
960 
960 
960 
941 
989 
960 
960 
960 
960 
950 
922 
998 
960 
960 
970 
950 
960 
960 
970 
950 
960 
960 
941 
989 
960 
950 
960 
960 
960 
970 
950 
960 
970 
950 
950 
970 
970 
950 
960 
970 
941 
979 
960 
960 
950 
931 
998 
960 
941 
979 
960 
960 
960 
960 
950 
970 
950 
960 
960 
970 
950 
960 
960 
931 
998 
931 
970 
970 
970 
950 
970 
960 
960 
960 
950 
970 
960 
902 
1020
960 
950 
960 
970 
950 
970 
960 
960 
950 
970 
960 
960 
960 
950 
970 
931 
979 
960 
970 
950 
970 
960 
950 
970 
922 
979 
979 
960 
960 
950 
960 
960 
960 
970 
941 
922 
998 
950 
989 
960 
931 
970 
970 
960 
970 
941 
970 
950 
960 
960 
970 
960 
950 
970 
960 
960 
960 
960 
960 
960 
931 
960 
998 
960 
960 
960 
960 
950 
970 
960 
960 
950 
970 
950 
