1565034969.24 1565034970.96
1565035018.87 1565035020.97
1565035065.42 1565035067.94
1565035116.1 1565035119.1
1565035161.66 1565035163.48
1565035215.78 1565035217.39
1565035263.2 1565035266.21
1565035320.7 1565035323.3
1565035370.92 1565035373.47
1565035414.81 1565035417.92
1565035465.59 1565035468.49
1565035516.8 1565035520.15
1565035568.09 1565035570.68
1565035626.86 1565035628.37
1565035675.7 1565035677.78
1565035727.07 1565035729.02
1565035768.62 1565035772.12
1565035823.77 1565035825.19
1565035871.37 1565035873.58
1565035919.43 1565035922.26
1565035973.82 1565035976.37
1565036028.01 1565036029.41
1565036072.23 1565036074.25
1565036121.41 1565036128.83
1565036174.79 1565036177.58
1565036225.63 1565036228.13
1565036277.89 1565036281.33
1565036328.72 1565036331.31
1565036379.17 1565036381.27
1565036421.2 1565036424.23
1565036474.3 1565036475.86
1565036524.39 1565036525.9
1565036580.84 1565036583.35
1565036628.89 1565036631.52
1565036672.15 1565036675.95
1565036725.5 1565036727.57
1565036776.64 1565036778.71
1565036827.31 1565036829.9
1565036878.35 1565036880.23
1565036925.42 1565036927.61
1565036980.36 1565036982.28
1565037025.23 1565037026.97
1565037080.82 1565037082.51
1565037128.84 1565037130.73
1565037181.44 1565037183.8
1565037231.04 1565037232.62
1565037275.66 1565037278.95
1565037332.21 1565037334.6
1565037384.41 1565037387.16
1565037433.07 1565037435.94
1565037482.81 1565037484.41
1565037533.19 1565037536.15
1565037578.88 1565037580.83
1565037630.07 1565037632.26
1565037678.84 1565037682.06
1565037734.0 1565037736.22
1565037781.46 1565037783.42
1565037833.04 1565037834.82
1565037888.03 1565037890.0
1565037934.22 1565037936.12
1565037985.81 1565037987.83
1565038032.05 1565038033.73
1565038085.83 1565038088.12
1565038132.6 1565038134.12
1565038188.27 1565038191.11
1565038233.31 1565038235.68
1565038287.48 1565038289.84
1565038339.83 1565038342.42
1565038388.57 1565038391.12
1565038432.04 1565038434.12
1565038488.52 1565038491.42
1565038535.69 1565038537.29
1565038583.36 1565038585.73
1565038632.11 1565038634.26
1565038686.76 1565038688.45
1565038734.31 1565038735.98
1565038790.27 1565038792.88
1565038833.0 1565038834.97
1565038882.8 1565038884.97
1565038932.13 1565038936.02
1565038982.71 1565038986.12
1565039037.26 1565039040.0
1565039089.7 1565039091.52
1565039134.09 1565039136.35
1565039183.28 1565039186.27
1565039236.5 1565039239.03
1565039288.67 1565039291.09
1565039340.57 1565039342.19
1565039383.77 1565039386.86
1565039433.49 1565039437.16
1565039490.55 1565039492.12
1565039534.34 1565039537.9
1565039591.57 1565039593.51
1565039639.3 1565039641.28
1565039688.14 1565039690.11
1565039739.87 1565039741.92
1565039792.28 1565039794.61
1565039840.92 1565039842.71
1565039895.84 1565039898.02
1565039944.11 1565039945.52
