1565122203.17 1565122203.93
1565122236.13 1565122236.89
1565122269.21 1565122270.26
1565122302.07 1565122302.85
1565122334.94 1565122336.28
1565122367.73 1565122368.51
1565122400.58 1565122403.7
1565122433.42 1565122434.26
1565122466.27 1565122467.03
1565122499.31 1565122500.26
1565122532.12 1565122532.87
1565122564.98 1565122566.26
1565122598.01 1565122600.2
1565122630.92 1565122632.28
1565122663.78 1565122664.55
1565122696.79 1565122698.26
1565122729.77 1565122730.53
1565122762.42 1565122763.18
1565122795.34 1565122796.26
1565122828.32 1565122829.08
1565122861.42 1565122862.28
1565122894.25 1565122895.02
1565122927.09 1565122928.28
1565122960.08 1565122960.86
1565122993.06 1565122994.26
1565123025.99 1565123026.75
1565123058.84 1565123060.26
1565123091.82 1565123092.57
1565123124.83 1565123126.26
1565123157.81 1565123158.59
1565123190.64 1565123192.28
1565123223.36 1565123224.28
1565123256.39 1565123257.17
1565123289.33 1565123290.26
1565123322.24 1565123323.0
1565123355.1 1565123356.26
1565123387.96 1565123388.71
1565123420.9 1565123422.26
1565123454.03 1565123454.8
1565123486.95 1565123488.28
1565123519.83 1565123520.61
1565123552.86 1565123554.28
1565123585.67 1565123586.42
1565123618.34 1565123619.1
1565123651.04 1565123652.26
1565123683.69 1565123684.44
1565123716.47 1565123717.23
1565123749.54 1565123750.32
1565123782.33 1565123783.12
1565123815.29 1565123816.28
1565123848.13 1565123848.91
1565123881.01 1565123882.26
1565123913.85 1565123914.61
1565123946.48 1565123947.24
1565123979.43 1565123980.26
1565124012.31 1565124013.07
1565124045.37 1565124046.28
1565124078.3 1565124079.08
1565124111.2 1565124112.28
1565124144.24 1565124145.02
1565124177.03 1565124178.26
1565124209.91 1565124210.67
1565124242.75 1565124244.26
1565124275.87 1565124276.63
1565124308.64 1565124310.27
1565124341.73 1565124342.51
1565124374.52 1565124376.28
1565124407.35 1565124408.28
1565124440.32 1565124441.07
1565124473.04 1565124474.26
1565124505.86 1565124506.61
1565124538.98 1565124540.26
1565124571.75 1565124572.51
1565124604.53 1565124606.27
1565124637.23 1565124638.28
1565124670.09 1565124670.87
1565124703.03 1565124704.28
1565124736.01 1565124736.8
1565124768.96 1565124770.26
1565124801.77 1565124802.53
1565124834.62 1565124836.26
1565124867.27 1565124868.26
1565124900.17 1565124900.93
1565124932.98 1565124934.28
1565124966.06 1565124966.84
1565124998.87 1565125001.8
1565125031.58 1565125032.34
1565125064.16 1565125064.91
1565125097.04 1565125099.67
1565125130.1 1565125130.86
1565125162.96 1565125164.26
1565125195.76 1565125196.54
1565125228.52 1565125230.28
1565125261.27 1565125262.28
1565125293.99 1565125294.76
1565125326.87 1565125328.26
1565125359.75 1565125360.5
1565125392.58 1565125394.26
1565125425.48 1565125427.66
1565125458.25 1565125459.0
