1565125600.84 1565125603.12
1565125633.7 1565125635.85
1565125666.67 1565125669.66
1565125699.79 1565125701.94
1565125732.81 1565125735.66
1565125765.91 1565125768.07
1565125799.19 1565125801.78
1565125832.3 1565125834.58
1565125865.04 1565125867.78
1565125897.78 1565125900.06
1565125930.41 1565125932.57
1565125963.32 1565125965.66
1565125996.35 1565125998.51
1565126029.19 1565126031.66
1565126062.23 1565126064.38
1565126095.12 1565126097.78
1565126127.83 1565126130.11
1565126160.72 1565126163.78
1565126193.38 1565126195.78
1565126226.36 1565126228.51
1565126259.21 1565126261.66
1565126292.1 1565126294.25
1565126324.93 1565126327.66
1565126357.96 1565126360.13
1565126390.76 1565126393.78
1565126423.87 1565126426.14
1565126456.71 1565126459.78
1565126489.75 1565126491.91
1565126522.56 1565126525.66
1565126555.42 1565126557.67
1565126588.44 1565126590.6
1565126621.08 1565126623.66
1565126654.02 1565126656.3
1565126687.01 1565126689.78
1565126720.06 1565126722.34
1565126752.87 1565126755.78
1565126785.98 1565126788.14
1565126818.79 1565126821.66
1565126851.64 1565126853.8
1565126884.71 1565126887.66
1565126917.62 1565126919.78
1565126950.35 1565126952.62
1565126983.19 1565126985.78
1565127016.16 1565127018.44
1565127048.8 1565127051.78
1565127081.79 1565127083.95
1565127114.78 1565127117.66
1565127147.67 1565127149.82
1565127180.65 1565127183.66
1565127213.69 1565127215.85
1565127246.42 1565127248.7
1565127279.05 1565127281.78
1565127311.66 1565127313.93
1565127344.52 1565127347.78
1565127377.34 1565127379.66
1565127410.15 1565127412.31
1565127443.12 1565127445.66
1565127476.18 1565127478.34
1565127509.1 1565127511.66
1565127542.08 1565127544.36
1565127574.9 1565127577.81
1565127607.54 1565127609.82
1565127640.66 1565127643.78
1565127673.26 1565127675.66
1565127706.09 1565127708.24
1565127738.93 1565127741.66
1565127771.76 1565127773.92
1565127804.41 1565127806.57
1565127837.21 1565127839.78
1565127870.21 1565127872.49
1565127903.09 1565127905.78
1565127935.94 1565127938.22
1565127968.94 1565127971.66
1565128001.82 1565128003.98
1565128034.68 1565128037.66
1565128067.47 1565128069.66
1565128100.3 1565128102.46
1565128133.19 1565128135.78
1565128166.06 1565128168.34
1565128198.99 1565128201.78
1565128232.06 1565128234.33
1565128264.94 1565128267.66
1565128298.06 1565128300.21
1565128330.72 1565128333.66
1565128363.65 1565128365.81
1565128396.31 1565128398.47
1565128429.23 1565128431.78
1565128462.04 1565128464.32
1565128495.02 1565128497.78
1565128528.04 1565128530.19
1565128561.05 1565128563.66
1565128593.9 1565128596.06
1565128626.94 1565128629.66
1565128659.98 1565128662.13
1565128692.81 1565128695.78
1565128725.7 1565128727.98
1565128758.71 1565128761.78
1565128791.51 1565128793.79
1565128824.43 1565128826.58
1565128857.3 1565128859.66
