1565179800.89 1565179809.72
1565179851.14 1565179852.3
1565179901.15 1565179906.71
1565179952.23 1565179952.28
1565180002.17 1565180002.28
1565180052.61 1565180058.17
1565180102.57 1565180102.71
1565180152.85 1565180155.29
1565180202.99 1565180207.76
1565180254.28 1565180261.7
1565180303.1 1565180306.08
1565180353.14 1565180357.21
1565180404.27 1565180404.36
1565180459.99 1565180462.7
1565180504.28 1565180512.54
1565180554.55 1565180556.12
1565180604.76 1565180605.37
1565180654.77 1565180657.5
1565180705.48 1565180707.6
1565180756.29 1565180757.83
1565180806.36 1565180809.06
1565180856.54 1565180862.28
1565180906.8 1565180911.16
1565180956.96 1565180958.62
1565181007.25 1565181013.75
1565181058.26 1565181063.55
1565181108.26 1565181108.42
1565181158.9 1565181159.4
1565181208.92 1565181211.84
1565181258.42 1565181259.08
1565181310.26 1565181316.6
1565181360.26 1565181368.2
1565181410.27 1565181418.72
1565181460.28 1565181464.85
1565181510.79 1565181510.84
1565181560.24 1565181560.95
1565181610.64 1565181611.09
1565181667.05 1565181669.28
1565181715.07 1565181716.67
1565181762.19 1565181762.28
1565181812.26 1565181818.08
1565181862.26 1565181864.35
1565181912.28 1565181920.29
1565181962.42 1565181963.78
1565182021.79 1565182024.21
1565182062.98 1565182071.85
1565182112.82 1565182113.11
1565182164.26 1565182171.62
1565182218.55 1565182221.58
1565182268.71 1565182271.38
1565182314.28 1565182314.94
1565182366.68 1565182368.16
1565182413.43 1565182414.26
1565182471.96 1565182474.25
1565182514.26 1565182514.5
1565182564.88 1565182574.06
1565182614.85 1565182619.61
1565182665.04 1565182665.98
1565182715.52 1565182717.59
1565182766.28 1565182771.09
1565182816.28 1565182821.57
1565182875.29 1565182877.94
1565182916.82 1565182923.74
1565182973.52 1565182975.44
1565183018.29 1565183022.82
1565183068.28 1565183070.66
1565183118.43 1565183123.39
1565183168.76 1565183173.18
1565183219.67 1565183220.26
1565183270.28 1565183278.97
1565183320.28 1565183321.16
1565183370.33 1565183377.75
1565183420.58 1565183427.95
1565183470.91 1565183473.11
1565183522.28 1565183527.81
1565183574.82 1565183577.36
1565183623.15 1565183627.4
1565183673.23 1565183679.19
1565183724.26 1565183730.21
1565183774.28 1565183782.17
1565183824.28 1565183832.61
1565183875.22 1565183876.96
1565183924.75 1565183933.51
1565183975.08 1565183978.92
1565184026.28 1565184027.68
1565184076.28 1565184076.45
1565184126.26 1565184134.77
1565184176.26 1565184177.72
1565184233.86 1565184236.26
1565184276.45 1565184281.56
1565184326.52 1565184328.58
1565184377.06 1565184379.74
1565184427.18 1565184434.51
1565184480.84 1565184482.37
1565184528.26 1565184529.18
1565184582.41 1565184585.58
1565184628.28 1565184636.22
1565184679.06 1565184681.46
1565184738.3 1565184741.11
1565184780.26 1565184787.35
