0.495625019073
0.459621191025
1.42471599579
3.9067401886
0.450018882751
0.442011117935
1.21510314941
0.453770160675
0.446208953857
0.894433021545
0.451503038406
1.14278721809
3.90564703941
0.579248905182
0.441603899002
3.8672208786
0.441153049469
0.444945812225
1.30903911591
3.96349692345
0.448194980621
0.436771154404
0.436561107635
0.995398044586
0.447024822235
1.24784493446
0.443129062653
0.446719884872
0.441502094269
1.04742479324
0.437973022461
0.442698001862
1.0905148983
1.33464288712
4.02332615852
0.438472032547
0.45018696785
4.21068286896
0.602429151535
0.47508597374
1.23786687851
4.02004504204
0.441942930222
0.448675870895
0.445610046387
1.15569496155
0.441995859146
1.22917795181
0.451903820038
0.446125984192
1.26414895058
0.437727928162
7.75928521156
3.87489318848
4.03675580025
0.476675987244
3.98512506485
3.98189997673
0.440894842148
3.8631298542
0.452253103256
7.68530702591
0.445375204086
0.72517490387
1.07545590401
3.89811015129
0.44463801384
4.92337489128
0.526347875595
0.468325853348
4.76070904732
0.4678170681
0.450898170471
0.454399108887
0.742235183716
1.16118192673
1.43486189842
0.487179040909
0.4562728405
1.02175593376
0.469831228256
1.12853908539
0.475142002106
0.449348926544
1.01907086372
4.01852202415
0.476011037827
0.451422929764
1.37050914764
0.452504873276
0.44736289978
0.455171108246
4.54228019714
4.07388901711
0.497096061707
0.473170995712
0.456895112991
1.0148730278
0.451240062714
0.537970066071
