1091 1211 1013 1187 1135 1134
1163 1164 1168 1205 1176 1170
1076 940 1074 1074 877 1188
1498 1185 1336 1337 1266 1264
1214 1302 1244 1555 1365 1365
1189 1191 1273 1158 1266 1159
1387 1331 1420 1399 1244 1389
1559 1609 1452 1764 1664 1643
1182 1708 1162 1565 1770 1767
2111 1924 2020 2024 1985 2109
1917 1521 1849 1848 1471 1852
1172 1139 1112 1113 1158 1125
1166 1166 1210 1269 1192 1194
1593 1546 1602 1600 1470 1494
662 657 661 663 506 506
1198 1197 1145 1110 1344 1145
1469 1467 1390 1272 1645 1140
1174 1174 1329 1134 1254 1188
1455 1381 1525 1519 1377 1571
1016 1211 851 1211 1173 1175
1069 1069 1149 660 1148 481
1160 688 1186 1184 532 1108
1415 1415 1541 1247 1418 1328
2236 2002 2254 2254 1838 2327
1405 1407 1529 1444 1319 1315
1380 2010 1477 1664 1699 1702
1491 1180 1319 1318 1237 1261
1474 1475 1543 1368 1595 1283
1260 1200 1340 1340 1288 1288
1052 1107 1168 1168 1175 1175
1214 1277 1213 1326 1260 1258
1043 1200 902 1164 1228 1230
1251 1252 1338 1337 1321 1321
1290 1292 1368 1255 1326 1218
1472 1493 1526 1526 1493 1493
921 973 903 1163 971 971
1282 1223 1350 1331 1269 1250
1721 1721 1824 1280 1767 1458
1275 967 1208 1207 1051 1193
1122 1123 1149 1149 1157 1161
997 925 1050 1028 852 1164
1095 1094 1025 1070 1082 1082
1064 1292 1159 1356 1286 1286
900 1005 809 1112 1036 1036
777 733 777 777 852 851
763 1253 663 1006 1104 1111
1610 1766 1670 1672 1573 1624
1225 1174 1148 1185 1255 1258
1050 1062 865 1178 1138 1116
2252 1940 2331 2330 1957 2310
