998
960
960
960
960
960
960
960
960
960
960
960
960
960
960
941
960
979
950
960
970
960
960
960
960
941
979
960
960
960
960
960
912
998
970
960
960
960
960
960
960
960
960
960
960
960
960
960
960
960
960
960
960
960
960
960
960
960
960
960
960
950
970
960
960
960
960
960
960
960
960
960
960
960
960
960
960
960
922
998
960
960
960
960
950
970
960
960
960
960
960
950
970
960
960
960
960
960
960
960
960
960
960
960
950
960
970
960
960
960
960
960
960
960
950
970
960
941
970
970
960
960
960
960
960
960
960
960
960
960
960
950
970
960
960
960
912
1010 
960
960
950
970
960
960
960
960
950
970
960
960
960
960
950
960
970
960
960
960
960
960
960
960
960
960
960
960
960
960
960
960
960
960
960
960
960
960
960
960
960
960
960
960
960
960
950
970
960
960
960
950
970
960
960
950
970
960
960
960
960
960
28.8
0.00
0.00
0.00
0.00
0.00
0.00
0.00
0.00
0.00
0.00
0.00
0.00
0.00
0.00
0.00
0.00
0.00
0.00
0.00
0.00
0.00
0.00
0.00
0.00
0.00
0.00
0.00
0.00
0.00
0.00
0.00
0.00
0.00
0.00
0.00
0.00
0.00
0.00
0.00
0.00
0.00
0.00
0.00
0.00
0.00
0.00
0.00
0.00
0.00
0.00
0.00
0.00
0.00
0.00
0.00
0.00
0.00
0.00
0.00
0.00
0.00
0.00
0.00
0.00
0.00
0.00
0.00
0.00
0.00
0.00
0.00
0.00
0.00
0.00
0.00
0.00
0.00
0.00
0.00
0.00
0.00
0.00
0.00
0.00
0.00
0.00
0.00
0.00
0.00
0.00
0.00
0.00
0.00
0.00
0.00
0.00
0.00
0.00
0.00
0.00
0.00
9.60 
749
979
960
960
960
960
960
960
960
960
960
960
960
960
960
960
960
960
960
960
960
960
960
960
960
960
960
960
960
960
960
960
960
960
960
960
960
960
960
960
960
960
960
960
960
960
960
960
960
960
960
960
960
960
950
970
960
960
950
970
960
960
960
960
960
960
960
960
960
960
960
960
960
960
960
960
960
960
960
960
960
912
1010 
960
960
960
960
941
950
989
960
960
960
960
960
960
960
960
960
960
950
970
960
960
960
960
950
970
960
960
950
970
960
960
960
960
960
960
960
960
960
960
941
979
960
960
960
960
941
979
960
960
960
960
960
960
960
960
960
960
960
960
960
950
970
960
960
960
960
960
960
960
960
960
960
960
960
960
960
960
960
950
970
960
960
960
960
960
960
960
960
960
960
960
960
960
950
970
960
960
960
960
960
960
960
960
950
970
960
960
960
960
960
960
960
960
960
960
960
960
960
960
960
960
960
960
960
960
960
960
960
960
960
960
960
960
960
960
960
950
970
960
960
960
960
960
960
960
960
922
998
960
960
960
960
960
960
960
960
960
960
960
960
960
960
960
960
960
960
960
960
960
960
960
960
960
960
960
960
960
960
960
960
960
960
960
960
960
960
960
960
950
970
960
960
960
960
960
960
960
960
960
960
960
960
950
970
960
960
950
970
960
960
960
960
960
795
