2509 1209 3454 2475 3265 1230 2895 3370 3483 2106 2462 2188 3046 3532 1273 3613 2624 2540 1250 2900
1328 3056 2738 2840 3466 2698 3845 3176 3256 1493 3305 4175 3488 1579 3337 3006 2801 1539 3212 3047
3555 3571 1185 3706 3327 3513 1233 3575 3635 3969 1447 3707 3372 3185 3367 3489 3558 4004 3604 1509
1525 2290 2374 2298 2696 1393 1763 2474 3115 1468 2386 3394 1981 1670 1849 2499 2293 1988 2529 3110
2538 2536 2482 2821 1289 2788 2792 2493 1436 2640 2653 2959 1389 2702 2749 2885 1673 2879 2701 2795
2365 2387 1295 2559 2539 2454 1306 3040 2281 2534 1097 2365 2323 3042 2294 2278 2371 2458 2553 1100
1093 1068 1059 1172 1199 657 712 1169 1267 782 766 1149 1019 719 774 1162 1168 1228 1124 1226
2277 2563 2417 2519 1254 3958 2477 2668 1545 2461 2955 3343 1568 3060 2810 2450 1626 3768 2845 4174
4730 4401 4871 1994 4515 4845 4544 1418 4799 4723 4955 1722 5029 4893 4621 2095 4576 4271 4463 4798
1093 1405 1943 1494 836 1875 2630 1698 1293 2002 1883 1582 1504 1819 2318 2998 1100 1610 2161 2259
2829 2829 2906 1345 2663 2912 2962 1302 3183 2871 3186 1466 3361 2995 2940 1550 2713 2816 2888 3022
2077 3096 2149 1197 2364 1972 2231 1294 2817 3619 2052 997 2447 2571 4258 1652 1720 1985 1834 3582
3375 756 3293 3610 2678 742 3308 4231 2433 3130 2337 3019 2687 2265 696 3340 3749 3194 1402 4001
3130 2597 2163 3319 1399 2796 3189 2688 1712 3378 2570 3138 1286 2839 2774 2643 1646 3021 2967 3332
3493 4105 1900 3494 3621 4180 1887 3754 4031 3640 1960 3655 3461 3349 3696 3145 4157 3555 3918 1657
2947 4472 3842 1494 3060 3233 3257 1119 3169 3778 4434 1668 4129 3224 3791 1767 3527 2458 3135 2916
2699 2511 1249 2691 2969 3953 1279 2611 2789 2564 1737 3536 2212 2473 3377 3150 2697 2867 2664 1611
2758 1759 1818 2335 2203 2770 2821 2836 1175 2766 1833 2352 1134 2773 1876 2271 1656 2770 2347 2356
2225 2728 1525 3438 2818 2750 1183 3691 2403 2352 1569 3107 2177 1594 1868 3257 3810 3881 3635 2836
800 2555 2263 2243 2217 2548 1930 1920 2758 1134 2673 2636 2224 701 2516 2258 2227 695 2503 2122
2344 1327 3459 2302 2446 1674 3242 2360 2049 2956 2469 1953 2869 3682 1830 2486 3112 2572 1546 2397
2246 2623 3072 1937 2857 2367 3144 1907 2224 2281 2619 1887 2462 2585 2363 2118 2382 1986 2058 2365
3629 1899 3802 4230 3837 1314 3476 4009 3620 3127 3223 4067 3962 3389 1475 4080 4450 4054 2256 4075
1080 2478 2238 2538 1997 2494 2122 2184 2506 892 1901 2070 2037 1118 3061 2282 2090 1250 2557 2296
2594 2545 2619 1224 2689 2608 2533 1211 2803 2631 2643 1243 2733 2686 2624 1234 2679 2562 2515 2490
1694 1987 2949 956 2558 2013 2099 1071 2049 1678 2125 966 2227 3630 1801 718 1583 2608 2301 2156
3617 904 1542 3326 3136 904 2262 3403 2125 1216 823 1940 1963 1154 661 1773 1527 3602 1087 1671
2430 1494 3668 3830 2772 1743 2382 3904 2286 3091 3778 2733 2883 2961 1516 3960 4451 3545 1847 2979
3338 2677 1632 3364 2831 3560 1438 3199 2905 2558 1343 3232 2826 3688 3690 2764 2924 2990 2773 1657
2608 2519 2499 1091 2629 2643 2658 1300 2487 2553 2562 1151 2583 2578 2584 1264 2417 2726 2620 2561
4231 4311 4099 1950 3640 4145 3886 1636 4126 3547 4319 1700 4395 4283 3601 1810 3761 3385 3557 4234
1827 2190 3123 978 1897 2170 2146 920 1837 2420 2549 849 2946 2034 2176 1310 1700 1677 1988 2670
1727 2071 679 2290 1775 2074 679 2328 2182 2119 1112 2299 1505 1591 2136 2313 2244 2243 2257 1239
1889 4300 3566 3474 3494 3995 3729 3408 4111 2515 4325 4316 3855 2198 3925 3894 3648 1892 4117 3931
4133 2556 3519 3357 4110 2602 3376 3593 3310 3493 3188 3295 3298 3591 2478 3091 3465 4047 2523 3666
1005 2911 2789 2762 2395 2724 3028 3126 3135 1337 2678 2754 3426 1292 3021 3440 2681 1323 2683 3456
3925 1749 3969 3999 4018 1684 3882 3806 3671 3558 3815 3509 3958 4134 1870 3824 3932 3810 1337 3747
3226 3339 3353 3886 1459 3464 3339 3961 1342 3399 3618 4135 1472 3275 3512 3894 2098 3923 3962 3869
2896 2530 3180 3439 1155 3126 3444 2880 1379 3262 3374 2945 1427 2634 3171 3309 1280 3700 4617 3675
1278 3326 3193 3326 2880 3291 2960 3040 3548 1368 3311 3226 3275 1273 3338 3242 3318 1267 3259 3111
759 1680 1695 1692 1646 1632 1658 1680 1720 662 1557 1566 1710 662 1537 1588 1728 677 1575 1552
1585 770 2664 2168 1466 819 2820 1784 1347 1426 1876 1358 1448 1383 664 1254 1484 1517 697 1243
1962 982 2561 2470 1323 2068 2692 2284 683 2380 1533 1751 1057 2486 1554 2664 666 3059 1557 1775
1232 887 2914 1922 3496 1056 1810 1369 1696 1260 1436 2596 2130 1522 1240 1300 1507 3149 1262 2439
1341 1632 1901 1826 891 1539 1695 1728 1090 1660 1755 2124 1180 1760 1635 1830 1240 1739 1726 1737
2605 2438 2462 1251 2664 2506 2560 1317 2746 2832 2213 1063 2473 2402 2162 1016 2512 2541 2056 2056
2015 2454 1354 1835 2121 1573 1241 1887 1960 2322 1263 1897 1667 1528 1520 1977 1881 2288 2995 1544
879 2223 2071 2200 1833 2244 2153 2251 2215 1213 2235 2216 2092 1091 2327 2243 2162 1161 2232 2184
806 822 1739 947 686 669 2058 853 906 679 1764 1229 1784 1872 1888 1874 906 1041 841 1700
753 1542 1827 1928 1592 1271 1972 1962 1494 652 1818 1916 1786 1008 1798 1917 1884 1099 1920 1930
