5.65547204018
5.38248109818
6.4600880146
4.75244188309
6.86027407646
4.71686601639
4.83984017372
6.0811548233
5.81052899361
6.39533019066
5.56553483009
4.73152709007
5.06122207642
6.13613605499
5.03550314903
9.03272008896
4.90861320496
4.87992405891
4.90120196342
4.73865699768
4.7600479126
7.04357290268
4.70799398422
6.02289605141
5.10274887085
5.0018157959
6.0614631176
4.86361789703
5.55953192711
5.66562104225
5.35627889633
4.7343480587
6.3651599884
5.65889811516
4.84695601463
4.85525107384
5.21235609055
5.22290897369
5.50283694267
6.03185606003
4.74220490456
5.54141688347
4.87347412109
6.78527903557
5.56888699532
4.89625692368
5.3262720108
4.7251560688
4.72789001465
5.71700310707
5.52002286911
5.85752391815
4.8699491024
5.11216402054
5.30744481087
4.99398517609
5.3204100132
6.10141181946
6.01866889
4.72183489799
5.94005203247
4.85251498222
4.88963484764
6.18799591064
5.42077207565
5.13100194931
6.22548294067
6.56164884567
5.75526499748
6.25400280952
5.06957817078
5.04622411728
4.76226520538
5.28806805611
4.73366904259
5.91858410835
5.29986095428
4.90262913704
6.71912503242
4.85342407227
5.62898898125
4.77066087723
5.49262809753
6.6293759346
6.1735329628
4.78100419044
5.59475803375
7.73386096954
4.88456296921
4.90345215797
4.77564907074
5.1178791523
6.10149502754
5.0199611187
6.41596984863
5.75125098228
4.85084795952
5.38958597183
6.13475608826
5.30890393257
