1629 1799
1091 1211 1013 1187 1135 1134
1163 1164 1168 1205 1176 1170
1076 940 1074 1074 877 1188
1498 1185 1336 1337 1266 1264
1214 1302 1244 1555 1365 1365
1144 1118
1189 1191 1273 1158 1266 1159
1514 1483
1056 870
1176 1183
1387 1331 1420 1399 1244 1389
1559 1609 1452 1764 1664 1643
1182 1708 1162 1565 1770 1767
1156 1181
1777 1983
1547 1467
2111 1924 2020 2024 1985 2109
1917 1521 1849 1848 1471 1852
1127 1258
1218 1179
1001 1182

1307 1213
1172 1139 1112 1113 1158 1125
1166 1166 1210 1269 1192 1194
1170 1193
456 660
1593 1546 1602 1600 1470 1494
662 657 661 663 506 506
1198 1197 1145 1110 1344 1145
1469 1467 1390 1272 1645 1140
1190 1174
1186 1104
1174 1174 1329 1134 1254 1188
1186 1106
1455 1381 1525 1519 1377 1571
1056 1168
1016 1211 851 1211 1173 1175
1069 1069 1149 660 1148 481
681 531
1185 1020
1160 688 1186 1184 532 1108
1415 1415 1541 1247 1418 1328
1075 1189
1050 870
1131 1162
1512 1641
465 661
2236 2002 2254 2254 1838 2327
1405 1407 1529 1444 1319 1315
1602 1641
1041 1169
1579 1500
1144 1168
1206 1157
1380 2010 1477 1664 1699 1702
1762 1831

1274 1336
2065 2114
1491 1180 1319 1318 1237 1261
1132 1170
1474 1475 1543 1368 1595 1283
505 651
1260 1200 1340 1340 1288 1288
1181 1276
1202 1271
1052 1107 1168 1168 1175 1175
1195 1234
1012 907
1100 1133
1892 1928
1690 1632

2233 2345
1214 1277 1213 1326 1260 1258
978 876
1932 1902
1043 1200 902 1164 1228 1230
1251 1252 1338 1337 1321 1321
1290 1292 1368 1255 1326 1218
1472 1493 1526 1526 1493 1493
1144 1119
1024 1071
921 973 903 1163 971 971
1282 1223 1350 1331 1269 1250
1721 1721 1824 1280 1767 1458
1130 995
1275 967 1208 1207 1051 1193
1122 1123 1149 1149 1157 1161
997 925 1050 1028 852 1164
935 894
1095 1094 1025 1070 1082 1082
1273 1326

1204 1340
1064 1292 1159 1356 1286 1286

900 1005 809 1112 1036 1036

777 733 777 777 852 851

763 1253 663 1006 1104 1111
1610 1766 1670 1672 1573 1624
1181 1189
1225 1174 1148 1185 1255 1258
1050 1062 865 1178 1138 1116
2252 1940 2331 2330 1957 2310
1285 1275
1179 1184
1249 1051 1216 1218 869 1181
1183 1225
669 758
1223 1222 1185 1192 1157 1180

1077 764 1062 1064 664 1033
1497 1516 1327 1613 1697 1696
1509 1439
1062 1085 1106 1105 1143 1141
1177 1177 1140 1143 1042 1096
1715 1716 1718 1527 1642 1366
1549 1642
678 678 678 678 764 770
497 653
1211 1328
1152 889 1143 1145 851 1216
976 923 974 975 803 1115
765 847
1171 1147
872 1231 1026 1185 1163 1162
1214 1225 1246 1271 1170 1218
847 1213 1011 1245 1195 1195
497 504 655 660 661 661
1104 1133
1057 1175
3104 3104 3055 1646 3036 1787
1175 1182
1987 1960
1254 1201 1232 1233 1224 1224
2432 2386
1132 1213
1587 1586 1670 1282 1667 1200
1496 1446
1230 1256
1155 1155 1214 974 1185 872

1223 1208 1153 1056 1167 875
1136 1104
1522 1497 1516 1515 1522 1561
1034 1053 867 1179 1130 1110
1199 1133
1329 1403
1045 1171
1328 1295 1308 1407 1365 1392
2416 2603

1136 1238 1148 1241 1184 1163

1863 2242 1834 2162 2157 2152
1136 1145
757 1187 830 1252 1151 1152
1096 1096 1103 1104 1134 1043
1183 1183 1086 1087 1100 1102
1384 1340 1377 1342 1218 1422
1334 1313 1288 1287 1332 1286
1159 901
669 670 484 484 671 678
1122 498 1158 1157 653 1126
1292 1291 1329 1299 1218 1218
1194 1194 1027 1062 1128 1127
1168 1176

977 814 995 997 850 1060
1943 1872
1054 623 1040 1040 440 1069
1525 1427
1070 1098 1108 1108 1173 1172
1274 1251 1159 1245 1259 1259
1346 1346 1432 1395 1430 1314
1005 1135 923 1228 1182 1183
1194 1135
1242 1243 1225 1230 1136 1137
1148 1228 1171 1220 1148 1171
1348 1348 1345 1347 1430 1267

1179 1173
1139 1160 1200 1190 1196 1138
1288 1177 1264 1266 1228 1344
1199 1222
1037 1046 864 1177 1059 1041
1754 1493 1679 1680 1583 1582
1186 1185 1065 1099 1167 1168
1179 1126

1308 1306 1357 1335 1248 1249
1310 1455
1145 1140 1084 1022 1198 1173
1161 1073
678 532
1097 1152 1167 1135 1139 1139
1639 1808
1205 1278
1661 1522
1166 1153 1116 1059 1167 1100
1168 1068
1914 1770
498 682
517 457 659 660 657 756
1259 1346
1107 1058 1166 1145 888 1200

1183 1238 1253 1253 1357 1339
1249 1207
1196 1057
1307 1307 1370 1371 1250 1320
1149 1456 1170 1479 1457 1457
1301 1301 1335 1335 1329 1331
1193 1192 1126 1125 1163 1163
1493 1474
1140 1143
1110 1110 1160 1241 1199 1199
1192 1192 1112 1143 1219 1227
1105 1567 1234 1630 1562 1560
1578 1782
1670 1670
1136 1760 1195 1606 1635 1634
1246 1377 1328 1329 1403 1426
1208 1358
1493 1315
1806 1973
1497 1544 1439 1464 1569 1566
1055 1047 1012 961 866 1035
1852 1796
1500 1812 1589 1658 1653 1652
1625 1519 1657 1657 1428 1735
830 869
1173 1181

2146 2210
1216 1277
1337 1394
1149 1178
664 482
