448 655






1100 1160
964 1166
950 1033
1366 1355





1053 1144
1267 1241


1254 1268
1145 934





1175 1140

1046 887



908 996
1136 1171





913 1101




479 656


653 497


2960 2942


1149 1101
442 642



1052 1200
1265 1257



1118 1069

1568 1788

1155 1190






1761 1902

1139 1162


1259 1228




649 445
1401 1314

493 660



1693 1640

1798 1851
1174 1133
967 1164


1731 1880





1165 996

497 669
1164 1101

1123 1169

1047 1191


1217 1301







655 448

663 485

1586 1794
1001 841



1022 1169




887 1053


1014 1168





1240 1045



1151 1125

1664 1821

444 643
1188 1221



1134 1169






1132 1191
1657 1797





1068 1171




1034 1174


1193 1273

1195 1164



1116 1178


1109 1215




1283 1510


992 802

484 668

